digraph "round-table" { 1 [label="RegexPredicate-tag-(http)"]
1->2
1->4
2 [label="-1 1: (3 4 5 6 7 8 10 11 
12 14 15 16 18 19 20 22 
23 24 25 26 27 28 29 31 
32 33 34 35 36 37 38 40 
41 42 43 44 45 46 48 50 
51 52 53 54 55 57 59 61 
62 63 65 67 68 69 70 71 
72 74 75 76 77 78 80 81 
82 83 84 86 87 88 89 90 
91 92 93 95 101 103 104 110 
111 114 115 117 120 124 126 131 
132 133 134 138 139 141 145 146 
150 156 159 161 162 163 164 172 
181 183 185 188 192 194 195 199 
201 203 205 207 212 213 214 219 
221 225 228 234 236 237 241 243 
246 247 249 251 252 255 260 261 
262 263 265 267 268 273 277 279 
280 282 284 291 293 294 298 299 
300 301 303 307 310 311 312 315 
318 )
0: (9 13 21 94 96 97 98 99 
100 102 105 107 108 109 112 113 
116 121 122 123 125 127 128 129 
130 135 136 137 140 142 143 144 
147 148 151 152 154 155 157 158 
160 165 167 169 170 171 174 175 
176 177 178 179 180 182 184 187 
190 191 193 196 198 200 202 204 
206 208 209 210 211 215 216 217 
218 223 226 227 229 231 232 233 
238 239 240 242 245 248 250 253 
256 257 258 259 264 266 269 270 
271 272 274 275 276 278 281 283 
285 286 287 288 289 295 296 297 
302 304 306 308 309 313 316 319 
)"]
4 [color=blue, label="keyword_predicate-word-(song)"]
4->7
4->6
7 [color=blue, label="keyword_predicate-word-(help)"]
7->10
7->9
6 [color=blue, label="1 0: ()
1: (0 73 )"]
10 [color=blue, label="keyword_predicate-word-(io)"]
10->13
10->12
9 [color=blue, label="1 0: ()
1: (1 17 56 119 )"]
13 [color=blue, label="keyword_predicate-word-(pazzi)"]
13->16
13->15
12 [color=blue, label="1 0: ()
1: (30 149 )"]
16 [color=blue, label="keyword_predicate-word-(com)"]
16->19
16->18
15 [color=blue, label="1 0: ()
1: (47 )"]
19 [color=blue, label="keyword_predicate-word-(give)"]
19->22
19->21
18 [color=blue, label="1 0: ()
1: (49 58 66 79 106 118 153 166 
168 173 186 189 197 220 224 230 
235 244 254 290 292 314 317 )"]
22 [color=blue, label="keyword_predicate-word-(co)"]
22->25
22->24
21 [color=blue, label="1 0: ()
1: (60 )"]
25 [color=blue, label="keyword_predicate-word-(change)"]
25->26
25->27
24 [color=blue, label="1 0: ()
1: (85 )"]
26 [color=blue, label="0 0: (2 39 64 305 )
1: ()"]
27 [color=blue, label="1 0: ()
1: (222 )"] } 