digraph "round-table" { 1 [label="keyword_predicate-word-(love)"]
1->2
1->4
2 [label="-1 1: (0 1 3 5 6 7 8 10 
11 12 14 15 16 17 19 20 
22 23 24 26 27 28 30 31 
37 39 40 42 46 47 50 51 
53 54 55 56 60 62 67 68 
69 70 74 75 77 81 82 85 
86 89 92 95 97 98 99 100 
102 104 108 109 117 119 121 122 
124 125 128 130 131 133 135 137 
139 141 143 148 149 150 155 156 
157 158 160 161 164 166 170 171 
172 173 177 179 180 182 183 185 
187 188 190 191 196 197 198 199 
201 203 204 209 213 215 216 218 
220 226 227 228 229 230 234 235 
236 237 239 243 246 247 248 250 
251 253 254 256 257 259 260 262 
265 266 268 272 276 277 279 280 
281 282 284 285 287 290 292 293 
294 295 296 301 304 307 310 318 
319 )
0: (2 9 13 21 34 36 38 41 
43 44 45 48 49 52 57 59 
64 66 71 72 73 76 79 80 
87 88 90 91 93 96 101 105 
107 110 111 112 113 114 115 116 
118 123 126 127 129 132 134 136 
144 145 146 147 151 152 153 154 
163 165 168 175 176 181 184 186 
192 193 195 200 202 205 206 207 
208 211 212 214 217 219 221 222 
223 225 231 238 240 242 244 245 
252 255 258 261 263 264 267 269 
274 275 283 286 288 291 297 298 
299 300 302 303 305 306 308 309 
311 312 313 314 315 316 317 )"]
4 [color=blue, label="keyword_predicate-word-(lol)"]
4->7
4->10
7 [color=blue, label="keyword_predicate-word-(put)"]
7->13
7->9
10 [color=blue, label="keyword_predicate-word-(fast)"]
10->11
10->12
13 [color=blue, label="keyword_predicate-word-(lie)"]
13->16
13->15
9 [color=blue, label="1 0: ()
1: (18 )"]
11 [color=blue, label="0 0: (33 )
1: ()"]
12 [color=blue, label="1 0: ()
1: (4 )"]
16 [color=blue, label="keyword_predicate-word-(hey)"]
16->17
16->18
15 [color=blue, label="1 0: ()
1: (25 )"]
17 [color=blue, label="0 0: (32 35 58 61 63 65 78 83 
84 94 103 106 120 138 140 142 
159 162 167 169 174 178 189 194 
210 224 232 233 241 249 270 271 
273 278 289 )
1: ()"]
18 [color=blue, label="1 0: ()
1: (29 )"] } 