digraph "round-table" { 1 [label="POSPredicate-tag-(PRPVB)"]
1->2
1->4
2 [label="-1 1: (0 3 5 6 11 16 20 23 
24 27 28 30 31 39 42 46 
47 50 54 55 56 60 62 67 
68 69 70 74 77 81 82 85 
86 89 92 95 97 98 99 100 
102 104 108 109 117 119 121 122 
124 125 128 130 131 133 135 137 
141 143 149 150 156 158 160 161 
164 166 170 171 172 173 179 180 
182 183 185 187 188 191 196 197 
198 199 201 204 209 213 215 216 
218 226 227 228 229 234 235 236 
237 239 243 246 247 248 250 253 
254 256 257 259 260 262 265 266 
268 272 276 277 279 280 281 282 
284 285 292 293 294 295 296 301 
304 307 310 318 319 )
0: (2 9 13 32 34 36 38 43 
44 45 48 49 52 58 59 61 
63 65 66 73 76 78 80 83 
84 87 88 90 91 94 96 101 
103 105 106 107 111 113 114 115 
120 123 126 127 129 132 134 136 
138 140 142 144 145 147 151 152 
154 162 163 165 167 168 169 174 
175 178 186 189 192 193 194 195 
200 202 206 207 208 210 211 212 
214 217 222 223 224 233 241 244 
245 249 258 263 264 267 269 270 
271 273 274 275 278 283 291 297 
298 299 300 303 305 306 308 309 
311 315 316 317 )"]
4 [color=blue, label="keyword_predicate-word-(check)"]
4->7
4->10
7 [color=blue, label="keyword_predicate-word-(com)"]
7->13
7->9
10 [color=blue, label="keyword_predicate-word-(views)"]
10->11
10->16
13 [color=blue, label="keyword_predicate-word-(best)"]
13->19
13->15
9 [color=green, label="1 0: ()
1: (1 12 17 290 )"]
11 [color=blue, label="1 0: ()
1: (18 22 25 29 37 51 53 75 
148 155 157 177 190 203 220 251 
287 )"]
16 [color=blue, label="keyword_predicate-word-(hey)"]
16->17
16->18
19 [color=blue, label="keyword_predicate-word-(thank)"]
19->22
19->21
15 [color=green, label="1 0: ()
1: (4 14 )"]
17 [color=green, label="0 0: (21 )
1: ()"]
18 [color=green, label="1 0: ()
1: (40 139 230 )"]
22 [color=blue, label="keyword_predicate-word-(subscribed)"]
22->25
22->24
21 [color=green, label="1 0: ()
1: (7 26 )"]
25 [color=blue, label="keyword_predicate-word-(gets)"]
25->28
25->27
24 [color=green, label="1 0: ()
1: (15 19 )"]
28 [color=blue, label="keyword_predicate-word-(channel)"]
28->29
28->30
27 [color=green, label="1 0: ()
1: (8 )"]
29 [color=green, label="0 0: (33 35 41 57 64 71 72 79 
93 110 112 116 118 146 153 159 
176 181 184 205 219 221 225 231 
232 238 240 242 252 255 261 286 
288 289 302 312 313 314 )
1: ()"]
30 [color=green, label="1 0: ()
1: (10 )"] } 