digraph "round-table" { 1 [label="keyword_predicate-word-(love)"]
1->2
1->4
2 [label="-1 1: (0 1 3 5 6 7 8 10 
11 12 14 15 16 17 19 20 
22 23 24 26 27 28 30 31 
32 33 34 35 36 37 38 40 
41 42 43 44 45 46 47 48 
49 50 51 52 53 54 55 56 
57 58 59 60 61 62 65 66 
68 71 72 73 74 75 76 77 
78 79 80 82 84 85 86 87 
88 89 90 91 92 93 101 103 
104 106 110 111 114 115 117 118 
119 120 124 126 131 132 133 134 
138 139 141 145 146 149 150 153 
156 159 161 162 163 164 166 168 
172 173 181 183 185 186 188 189 
192 194 195 197 199 201 203 205 
207 212 213 214 219 220 221 222 
224 225 228 230 234 235 236 237 
241 243 244 246 247 249 251 252 
254 255 260 261 262 263 265 267 
268 273 277 279 280 282 284 290 
291 292 293 294 298 299 300 301 
303 307 310 311 312 314 315 317 
318 )
0: (2 9 13 21 39 64 94 98 
100 102 105 107 108 109 112 113 
116 121 123 128 130 135 136 137 
140 143 144 151 152 154 155 157 
160 165 169 171 174 175 176 177 
178 179 180 182 187 190 191 193 
196 198 200 208 209 210 211 215 
216 217 218 227 229 232 239 240 
245 248 250 256 257 259 264 266 
269 270 271 272 275 276 278 281 
283 285 286 287 289 295 302 304 
306 308 309 316 319 )"]
4 [color=blue, label="keyword_predicate-word-(check)"]
4->7
4->6
7 [color=blue, label="keyword_predicate-word-(meaning)"]
7->10
7->9
6 [color=green, label="1 0: ()
1: (18 25 29 63 67 69 70 95 
)"]
10 [color=blue, label="keyword_predicate-word-(subscribed)"]
10->13
10->12
9 [color=green, label="1 0: ()
1: (4 )"]
13 [color=blue, label="keyword_predicate-word-(channel)"]
13->14
13->15
12 [color=green, label="1 0: ()
1: (81 )"]
14 [color=green, label="0 0: (96 97 99 122 125 127 129 142 
147 148 158 167 170 184 202 204 
206 223 226 231 233 238 242 253 
258 274 288 296 297 305 313 )
1: ()"]
15 [color=green, label="1 0: ()
1: (83 )"] } 