digraph "round-table" { 1 [label="SLengthPredicate-thresh-5"]
1->2
1->4
2 [label="-1 1: (0 1 3 4 6 7 8 10 
12 14 15 16 17 18 20 22 
23 25 26 27 28 29 33 34 
35 36 37 38 41 42 43 44 
45 46 47 48 49 50 51 52 
53 54 55 56 57 58 59 60 
61 62 63 66 67 68 69 70 
71 72 73 74 75 76 77 78 
81 83 84 85 86 87 88 89 
91 92 93 95 96 97 99 100 
101 102 103 104 105 106 107 108 
109 110 111 112 114 116 117 118 
119 120 121 122 123 126 127 128 
129 130 131 133 134 135 136 138 
139 140 141 142 143 144 145 146 
147 148 149 152 153 154 155 157 
158 159 160 161 162 163 164 165 
166 167 168 169 170 171 173 174 
176 177 178 179 180 181 182 183 
184 185 186 187 189 190 191 193 
194 195 196 197 198 199 200 201 
203 204 207 208 209 211 212 213 
214 215 217 218 220 221 222 223 
224 225 226 227 228 229 230 231 
232 233 234 235 236 237 238 239 
240 241 242 243 244 245 246 247 
249 250 251 252 253 254 255 256 
257 258 259 260 261 262 264 268 
270 271 272 273 274 275 276 277 
278 279 280 281 282 283 285 287 
293 295 296 298 302 303 306 307 
309 310 311 312 316 318 )
0: (2 9 13 21 39 64 94 98 
125 188 210 288 289 291 294 297 
300 304 313 314 315 319 )"]
4 [color=blue, label="keyword_predicate-word-(best)"]
4->7
4->6
7 [color=blue, label="keyword_predicate-word-(still)"]
7->10
7->9
6 [color=blue, label="0 0: (305 308 )
1: ()"]
10 [color=blue, label="keyword_predicate-word-(waka)"]
10->13
10->12
9 [color=blue, label="0 0: (290 )
1: ()"]
13 [color=blue, label="keyword_predicate-word-(shakifans)"]
13->16
13->15
12 [color=blue, label="0 0: (292 )
1: ()"]
16 [color=blue, label="keyword_predicate-word-(perry)"]
16->19
16->18
15 [color=blue, label="0 0: (299 )
1: ()"]
19 [color=blue, label="keyword_predicate-word-(love)"]
19->20
19->21
18 [color=blue, label="0 0: (301 )
1: ()"]
20 [color=blue, label="1 0: ()
1: (5 11 19 24 30 31 32 40 
65 79 80 82 90 113 115 124 
132 137 150 151 156 172 175 192 
202 205 206 216 219 248 263 265 
266 267 269 284 286 )"]
21 [color=blue, label="0 0: (317 )
1: ()"] } 