digraph "round-table" { 1 [label="keyword_predicate-word-(shakira)"]
1->2
1->4
2 [label="-1 1: (0 1 3 4 5 6 7 8 
10 11 12 14 15 16 17 18 
19 20 22 23 24 25 26 27 
28 29 30 31 32 33 34 35 
36 37 38 40 41 42 43 44 
45 46 47 48 49 50 51 52 
53 54 55 56 57 58 59 60 
61 62 63 65 66 67 68 69 
70 71 72 73 74 75 77 78 
79 80 81 82 83 84 85 86 
87 88 89 90 91 92 93 95 
96 97 99 100 101 102 103 104 
105 106 107 108 109 110 111 112 
113 114 115 116 117 118 119 120 
121 122 123 124 126 127 128 129 
130 131 132 133 134 135 136 137 
138 139 140 141 142 143 144 145 
146 147 148 149 150 151 152 153 
154 155 156 157 158 159 165 167 
168 170 174 175 178 179 181 182 
183 184 188 190 195 196 197 198 
202 203 205 209 210 213 214 217 
220 223 225 226 227 228 230 232 
236 237 245 247 249 250 252 253 
256 258 259 261 263 265 267 269 
271 276 277 278 283 284 285 286 
288 289 292 294 298 299 300 301 
305 307 308 310 311 313 315 316 
318 319 )
0: (2 9 13 21 39 64 94 98 
125 160 161 162 163 164 166 169 
171 172 173 176 177 180 185 186 
187 189 191 193 194 199 200 201 
204 207 211 212 215 216 218 219 
221 222 224 229 233 234 235 238 
239 240 241 242 243 244 246 248 
251 254 255 257 262 264 266 268 
270 273 274 275 280 281 282 287 
290 291 293 295 296 297 302 304 
306 309 312 314 317 )"]
4 [color=blue, label="keyword_predicate-word-(waka)"]
4->5
4->7
5 [color=blue, label="0 0: (192 206 208 231 272 279 303 )
1: ()"]
7 [color=blue, label="keyword_predicate-word-(africa)"]
7->8
7->9
8 [color=blue, label="0 0: (260 )
1: ()"]
9 [color=blue, label="1 0: ()
1: (76 )"] } 