digraph "round-table" { 1 [label="keyword_predicate-word-(shakira)"]
1->2
1->3
2 [label="-1 1: (0 1 3 4 5 6 7 8 
10 11 12 14 15 16 17 18 
19 20 22 23 24 25 26 27 
28 29 30 31 37 39 40 42 
46 47 50 51 53 54 55 56 
60 62 67 68 69 70 74 75 
77 81 82 85 86 89 92 95 
97 98 99 100 102 104 108 109 
117 119 121 122 124 125 128 130 
131 133 135 137 139 141 143 148 
149 150 155 156 157 158 160 161 
164 166 170 171 172 173 177 179 
180 182 183 185 187 188 190 191 
196 197 198 199 201 203 204 209 
213 215 216 218 220 226 227 228 
229 230 234 235 236 237 239 243 
246 247 248 250 251 253 254 256 
257 259 260 262 265 266 268 272 
276 277 279 280 281 282 284 285 
287 290 292 293 294 295 296 301 
304 307 310 318 319 )
0: (2 9 13 21 32 33 34 35 
36 38 41 43 44 45 48 49 
52 57 58 59 61 63 65 66 
71 72 73 76 79 83 84 87 
88 90 91 93 94 96 101 105 
106 107 110 111 112 113 114 115 
116 118 120 123 126 127 129 134 
136 138 140 142 145 146 147 152 
153 154 159 162 163 165 167 168 
169 174 176 178 181 184 186 189 
192 193 194 195 200 202 205 206 
207 208 210 211 212 214 217 219 
221 223 224 225 231 232 233 238 
240 241 242 244 245 249 252 255 
258 261 263 264 267 269 270 273 
274 275 278 283 286 288 289 291 
297 298 299 300 302 303 305 308 
309 311 312 313 314 315 316 317 
)"]
3 [label="0 1: ()
0: (64 78 80 103 132 144 151 175 
222 271 306 )"] } 