digraph "round-table" { 1 [label="keyword_predicate-word-(check)"]
1->2
1->4
2 [label="-1 1: (0 1 3 4 7 8 10 11 
12 14 15 16 17 19 24 26 
27 30 31 42 54 55 62 67 
68 69 70 74 77 85 89 102 
109 122 125 130 133 156 158 166 
171 173 180 182 188 198 227 228 
246 250 253 257 259 260 262 265 
268 272 276 277 279 280 282 284 
290 295 296 301 307 310 318 319 
)
0: (2 32 33 34 35 36 38 41 
43 44 45 48 49 52 57 58 
59 61 63 64 65 66 71 72 
73 76 78 79 80 83 84 87 
88 90 91 93 94 96 101 103 
105 106 107 110 111 112 113 114 
115 116 118 120 123 126 127 129 
132 134 136 138 140 142 144 145 
146 147 151 152 153 154 159 162 
163 165 167 168 169 174 175 176 
178 181 184 186 189 192 193 194 
195 200 202 205 206 207 208 210 
211 212 214 217 219 221 222 223 
224 225 231 232 233 238 240 241 
242 244 245 249 252 255 258 261 
263 264 267 269 270 271 273 274 
275 278 283 286 288 289 291 297 
298 299 300 302 303 305 306 308 
309 311 312 313 314 315 316 317 
)"]
4 [color=blue, label="keyword_predicate-word-(billion)"]
4->7
4->6
7 [color=blue, label="keyword_predicate-word-(came)"]
7->10
7->9
6 [color=blue, label="0 0: (9 )
1: ()"]
10 [color=blue, label="keyword_predicate-word-(views)"]
10->11
10->13
9 [color=blue, label="0 0: (13 )
1: ()"]
11 [color=blue, label="1 0: ()
1: (5 6 18 20 22 23 25 28 
29 37 39 46 47 50 51 53 
56 60 75 81 82 86 92 95 
97 98 99 100 104 108 117 119 
121 124 128 131 135 137 141 143 
148 149 150 155 157 160 161 164 
170 172 177 179 183 185 187 190 
191 196 197 199 201 203 204 209 
213 215 216 218 220 226 229 234 
235 236 237 239 243 247 248 251 
254 256 266 281 285 287 292 293 
294 304 )"]
13 [color=blue, label="keyword_predicate-word-(hey)"]
13->14
13->15
14 [color=green, label="0 0: (21 )
1: ()"]
15 [color=green, label="1 0: ()
1: (40 139 230 )"] } 