strat,runtime,avg_tree_size_increase,num_complaints,confirmation_cnt,global_accuracy,fix_rate,confirm_preserve_rate,new_global_accuracy,prev_signaled_cnt,new_signaled_cnt
naive,0.051,1.3333333333333333,1,7,0.824,1.0,1.0,0.821,1662,1662
information gain,0.088,0.8888888888888888,1,7,0.824,1.0,1.0,0.821,1662,1662
naive,0.062,1.5555555555555556,6,10,0.824,0.833,1.0,0.849,1662,1662
information gain,0.079,0.8888888888888888,6,10,0.824,1.0,1.0,0.823,1662,1662
naive,0.118,3.111111111111111,5,27,0.824,0.8,1.0,0.811,1662,1662
information gain,0.205,1.5555555555555556,5,27,0.824,0.8,0.889,0.807,1662,1662
naive,0.178,5.777777777777778,11,53,0.824,1.0,1.0,0.86,1662,1662
information gain,0.415,2.6666666666666665,11,53,0.824,1.0,1.0,0.889,1662,1662
naive,0.413,10.88888888888889,17,111,0.824,1.0,1.0,0.858,1662,1662
information gain,1.777,3.5555555555555554,17,111,0.824,1.0,1.0,0.865,1662,1662
naive,1.452,27.555555555555557,45,211,0.824,0.956,1.0,0.87,1662,1662
information gain,7.965,8.0,45,211,0.824,0.911,1.0,0.895,1662,1662
