strat,runtime,avg_tree_size_increase,num_complaints,confirmation_cnt,global_accuracy,fix_rate,confirm_preserve_rate,new_global_accuracy,prev_signaled_cnt,new_signaled_cnt
naive,0.061,1.3333333333333333,1,7,0.824,1.0,1.0,0.821,1662,1662
information gain,0.069,0.8888888888888888,1,7,0.824,1.0,1.0,0.821,1662,1662
naive,0.049,1.5555555555555556,6,10,0.824,0.833,1.0,0.849,1662,1662
information gain,0.069,0.8888888888888888,6,10,0.824,1.0,1.0,0.823,1662,1662
naive,0.095,3.111111111111111,5,27,0.824,0.8,1.0,0.811,1662,1662
information gain,0.21,1.5555555555555556,5,27,0.824,0.8,0.889,0.807,1662,1662
naive,0.376,5.777777777777778,11,53,0.824,1.0,1.0,0.86,1662,1662
information gain,0.438,2.6666666666666665,11,53,0.824,1.0,1.0,0.889,1662,1662
naive,0.43,10.88888888888889,17,111,0.824,1.0,1.0,0.858,1662,1662
information gain,1.766,3.5555555555555554,17,111,0.824,1.0,1.0,0.865,1662,1662
naive,1.674,27.555555555555557,45,211,0.824,0.956,1.0,0.87,1662,1662
information gain,8.141,8.0,45,211,0.824,0.911,1.0,0.895,1662,1662
