strat,runtime,avg_tree_size_increase,num_complaints,confirmation_cnt,global_accuracy,fix_rate,confirm_preserve_rate,new_global_accuracy,prev_signaled_cnt,new_signaled_cnt
naive,0.034,1.3333333333333333,5,5,0.76,0.6,1.0,0.764,1472,1472
information gain,0.052,1.1111111111111112,5,5,0.76,0.2,1.0,0.76,1472,1472
naive,0.07,4.0,10,10,0.76,1.0,1.0,0.731,1472,1472
information gain,0.087,1.5555555555555556,10,10,0.76,0.6,1.0,0.715,1472,1472
naive,0.147,5.333333333333333,20,20,0.76,0.85,0.95,0.751,1472,1472
information gain,0.371,2.2222222222222223,20,20,0.76,0.6,0.95,0.754,1472,1472
naive,0.29,12.444444444444445,40,40,0.76,0.95,1.0,0.784,1472,1472
information gain,0.979,5.333333333333333,40,40,0.76,0.95,1.0,0.851,1472,1472
naive,1.3,36.0,120,120,0.76,0.875,1.0,0.8,1472,1472
information gain,14.681,10.0,120,120,0.76,0.842,1.0,0.873,1472,1472
