strat,runtime,avg_tree_size_increase,num_complaints,confirmation_cnt,global_accuracy,fix_rate,confirm_preserve_rate,new_global_accuracy,prev_signaled_cnt,new_signaled_cnt
naive,0.038,1.1111111111111112,5,5,0.76,0.8,0.8,0.793,1472,1472
information gain,0.042,0.4444444444444444,5,5,0.76,0.8,0.8,0.798,1472,1472
naive,0.07,2.2222222222222223,10,10,0.76,1.0,1.0,0.798,1472,1472
information gain,0.085,0.8888888888888888,10,10,0.76,0.9,0.8,0.803,1472,1472
naive,0.182,6.666666666666667,20,20,0.76,1.0,0.9,0.754,1472,1472
information gain,0.71,2.6666666666666665,20,20,0.76,0.95,0.05,0.24,1472,1472
naive,0.301,9.11111111111111,40,40,0.76,1.0,1.0,0.829,1472,1472
information gain,1.803,4.666666666666667,40,40,0.76,1.0,1.0,0.79,1472,1472
naive,1.364,37.77777777777778,120,120,0.76,0.892,1.0,0.817,1472,1472
information gain,8.508,10.0,120,120,0.76,0.883,1.0,0.865,1472,1472
