strat,runtime,avg_tree_size_increase,num_complaints,confirmation_cnt,global_accuracy,fix_rate,confirm_preserve_rate,new_global_accuracy,prev_signaled_cnt,new_signaled_cnt
naive,0.042,0.8888888888888888,5,5,0.76,0.8,1.0,0.793,1472,1472
information gain,0.04,0.6666666666666666,5,5,0.76,0.2,0.8,0.713,1472,1472
naive,0.062,1.5555555555555556,10,10,0.76,0.5,0.9,0.735,1472,1472
information gain,0.095,0.6666666666666666,10,10,0.76,0.6,0.9,0.787,1472,1472
naive,0.127,4.888888888888889,20,20,0.76,1.0,0.85,0.753,1472,1472
information gain,0.357,2.0,20,20,0.76,0.15,0.85,0.712,1472,1472
naive,0.291,10.666666666666666,40,40,0.76,0.975,0.9,0.785,1472,1472
information gain,1.367,4.666666666666667,40,40,0.76,0.85,1.0,0.819,1472,1472
naive,1.315,34.666666666666664,120,120,0.76,0.858,1.0,0.808,1472,1472
information gain,11.582,11.777777777777779,120,120,0.76,0.892,1.0,0.878,1472,1472
