strat,runtime,avg_tree_size_increase,num_complaints,confirmation_cnt,global_accuracy,fix_rate,confirm_preserve_rate,new_global_accuracy,prev_signaled_cnt,new_signaled_cnt
naive,0.034,0.8888888888888888,5,5,0.76,0.6,1.0,0.762,1472,1472
information gain,0.031,0.4444444444444444,5,5,0.76,0.0,1.0,0.779,1472,1472
naive,0.069,2.888888888888889,10,10,0.76,0.8,1.0,0.766,1472,1472
information gain,0.102,1.1111111111111112,10,10,0.76,0.6,0.0,0.281,1472,1472
naive,0.141,4.444444444444445,20,20,0.76,0.85,1.0,0.754,1472,1472
information gain,0.422,2.888888888888889,20,20,0.76,0.65,1.0,0.795,1472,1472
naive,0.298,11.555555555555555,40,40,0.76,0.85,1.0,0.788,1472,1472
information gain,0.924,4.222222222222222,40,40,0.76,0.375,0.85,0.747,1472,1472
naive,1.323,33.77777777777778,120,120,0.76,0.883,1.0,0.842,1472,1472
information gain,11.876,10.444444444444445,120,120,0.76,0.825,1.0,0.878,1472,1472
