strat,runtime,avg_tree_size_increase,num_complaints,confirmation_cnt,global_accuracy,fix_rate,confirm_preserve_rate,new_global_accuracy,prev_signaled_cnt,new_signaled_cnt
naive,0.04,0.6666666666666666,5,5,0.76,1.0,1.0,0.794,1472,1472
information gain,0.049,0.4444444444444444,5,5,0.76,0.6,0.8,0.773,1472,1472
naive,0.066,1.7777777777777777,10,10,0.76,0.6,0.8,0.736,1472,1472
information gain,0.081,0.6666666666666666,10,10,0.76,1.0,0.2,0.245,1472,1472
naive,0.142,6.444444444444445,20,20,0.76,0.85,0.8,0.738,1472,1472
information gain,0.367,2.4444444444444446,20,20,0.76,0.7,0.9,0.733,1472,1472
naive,0.339,15.555555555555555,40,40,0.76,0.8,1.0,0.782,1472,1472
information gain,1.408,4.888888888888889,40,40,0.76,0.7,0.725,0.647,1472,1472
naive,1.862,36.888888888888886,120,120,0.76,0.875,1.0,0.812,1472,1472
information gain,11.38,12.666666666666666,120,120,0.76,0.825,1.0,0.876,1472,1472
