strat,runtime,avg_tree_size_increase,num_complaints,confirmation_cnt,global_accuracy,fix_rate,confirm_preserve_rate,new_global_accuracy,prev_signaled_cnt,new_signaled_cnt
naive,0.038,1.5555555555555556,5,5,0.76,0.2,1.0,0.754,1472,1472
information gain,0.057,0.6666666666666666,5,5,0.76,0.4,1.0,0.794,1472,1472
naive,0.066,2.888888888888889,10,10,0.76,0.7,1.0,0.751,1472,1472
information gain,0.119,1.7777777777777777,10,10,0.76,0.7,1.0,0.738,1472,1472
naive,0.185,6.0,20,20,0.76,0.9,1.0,0.823,1472,1472
information gain,0.607,2.0,20,20,0.76,0.65,1.0,0.779,1472,1472
naive,0.342,14.0,40,40,0.76,0.975,1.0,0.792,1472,1472
information gain,2.686,5.555555555555555,40,40,0.76,0.55,1.0,0.743,1472,1472
naive,1.126,26.88888888888889,120,120,0.76,0.858,1.0,0.863,1472,1472
information gain,10.19,9.555555555555555,120,120,0.76,0.858,1.0,0.882,1472,1472
