strat,runtime,avg_tree_size_increase,num_complaints,confirmation_cnt,global_accuracy,fix_rate,confirm_preserve_rate,new_global_accuracy,prev_signaled_cnt,new_signaled_cnt
naive,0.04,2.0,5,5,0.76,1.0,1.0,0.77,1472,1472
information gain,0.051,0.8888888888888888,5,5,0.76,1.0,1.0,0.733,1472,1472
naive,0.082,4.0,10,10,0.76,0.7,1.0,0.743,1472,1472
information gain,0.161,1.1111111111111112,10,10,0.76,0.3,0.9,0.745,1472,1472
naive,0.128,6.666666666666667,20,20,0.76,0.85,1.0,0.75,1472,1472
information gain,0.347,3.5555555555555554,20,20,0.76,0.85,1.0,0.805,1472,1472
naive,0.29,10.666666666666666,40,40,0.76,0.95,1.0,0.765,1472,1472
information gain,1.055,3.5555555555555554,40,40,0.76,0.95,1.0,0.778,1472,1472
naive,1.312,35.77777777777778,120,120,0.76,0.975,1.0,0.836,1472,1472
information gain,8.899,11.333333333333334,120,120,0.76,0.825,1.0,0.84,1472,1472
