strat,runtime,avg_tree_size_increase,num_complaints,confirmation_cnt,global_accuracy,fix_rate,confirm_preserve_rate,new_global_accuracy,prev_signaled_cnt,new_signaled_cnt
naive,0.05,1.7777777777777777,5,5,0.76,1.0,1.0,0.752,1472,1472
information gain,0.052,0.8888888888888888,5,5,0.76,0.8,1.0,0.765,1472,1472
naive,0.078,2.6666666666666665,10,10,0.76,0.9,0.7,0.738,1472,1472
information gain,0.119,0.8888888888888888,10,10,0.76,0.9,1.0,0.736,1472,1472
naive,0.126,4.222222222222222,20,20,0.76,1.0,1.0,0.77,1472,1472
information gain,0.303,2.4444444444444446,20,20,0.76,0.8,1.0,0.747,1472,1472
naive,0.304,9.11111111111111,40,40,0.76,0.9,1.0,0.832,1472,1472
information gain,1.037,3.7777777777777777,40,40,0.76,0.9,1.0,0.849,1472,1472
naive,1.294,34.888888888888886,120,120,0.76,1.0,1.0,0.824,1472,1472
information gain,10.06,11.11111111111111,120,120,0.76,0.967,1.0,0.893,1472,1472
