strat,runtime,avg_tree_size_increase,num_complaints,confirmation_cnt,global_accuracy,fix_rate,confirm_preserve_rate,new_global_accuracy,prev_signaled_cnt,new_signaled_cnt
naive,0.032,0.6666666666666666,0,10,0.76,1,0.9,0.726,1472,1472
information gain,0.059,0.4444444444444444,0,10,0.76,1,0.9,0.726,1472,1472
naive,0.024,0.2222222222222222,1,9,0.76,1.0,1.0,0.761,1472,1472
information gain,0.032,0.2222222222222222,1,9,0.76,1.0,1.0,0.761,1472,1472
naive,0.024,0.6666666666666666,2,8,0.76,0.5,1.0,0.77,1472,1472
information gain,0.027,0.4444444444444444,2,8,0.76,0.5,0.875,0.728,1472,1472
naive,0.038,1.1111111111111112,3,7,0.76,0.0,0.857,0.704,1472,1472
information gain,0.035,0.6666666666666666,3,7,0.76,0.0,0.857,0.704,1472,1472
naive,0.044,1.5555555555555556,4,6,0.76,0.75,1.0,0.77,1472,1472
information gain,0.057,0.8888888888888888,4,6,0.76,0.75,0.833,0.722,1472,1472
naive,0.049,1.5555555555555556,5,5,0.76,0.8,1.0,0.728,1472,1472
information gain,0.071,0.8888888888888888,5,5,0.76,0.8,0.8,0.779,1472,1472
naive,0.058,2.4444444444444446,6,4,0.76,1.0,1.0,0.772,1472,1472
information gain,0.095,1.1111111111111112,6,4,0.76,0.833,1.0,0.748,1472,1472
naive,0.037,0.4444444444444444,7,3,0.76,0.714,0.0,0.251,1472,1472
information gain,0.049,0.2222222222222222,7,3,0.76,0.714,0.333,0.289,1472,1472
naive,0.033,0.6666666666666666,8,2,0.76,0.625,0.0,0.25,1472,1472
information gain,0.034,0.2222222222222222,8,2,0.76,0.625,0.0,0.289,1472,1472
naive,0.033,0.0,9,1,0.76,1.0,0.0,0.269,1472,1472
information gain,0.04,0.0,9,1,0.76,1.0,0.0,0.269,1472,1472
naive,0.04,0.0,10,0,0.76,1.0,1,0.269,1472,1472
information gain,0.207,0.0,10,0,0.76,1.0,1,0.269,1472,1472
naive,0.099,0.6666666666666666,0,20,0.76,1,1.0,0.762,1472,1472
information gain,0.093,0.6666666666666666,0,20,0.76,1,1.0,0.762,1472,1472
naive,0.078,1.5555555555555556,2,18,0.76,0.5,1.0,0.73,1472,1472
information gain,0.069,0.8888888888888888,2,18,0.76,0.5,1.0,0.726,1472,1472
naive,0.078,2.2222222222222223,4,16,0.76,0.75,0.938,0.743,1472,1472
information gain,0.111,1.1111111111111112,4,16,0.76,0.75,1.0,0.768,1472,1472
naive,0.092,2.4444444444444446,6,14,0.76,0.833,1.0,0.708,1472,1472
information gain,0.235,1.5555555555555556,6,14,0.76,0.833,1.0,0.702,1472,1472
naive,0.089,4.0,8,12,0.76,0.625,1.0,0.654,1472,1472
information gain,0.11,1.7777777777777777,8,12,0.76,0.5,1.0,0.782,1472,1472
naive,0.074,3.111111111111111,10,10,0.76,0.7,0.9,0.736,1472,1472
information gain,0.144,1.1111111111111112,10,10,0.76,0.7,1.0,0.775,1472,1472
naive,0.084,3.111111111111111,12,8,0.76,0.917,1.0,0.732,1472,1472
information gain,0.113,1.5555555555555556,12,8,0.76,0.917,0.125,0.311,1472,1472
naive,0.077,4.0,14,6,0.76,0.929,1.0,0.802,1472,1472
information gain,0.18,1.5555555555555556,14,6,0.76,0.786,1.0,0.8,1472,1472
naive,0.077,1.3333333333333333,16,4,0.76,0.812,0.75,0.438,1472,1472
information gain,0.074,0.4444444444444444,16,4,0.76,1.0,0.25,0.306,1472,1472
naive,0.096,1.1111111111111112,18,2,0.76,1.0,0.0,0.293,1472,1472
information gain,0.074,0.4444444444444444,18,2,0.76,1.0,0.5,0.27,1472,1472
naive,0.069,0.6666666666666666,20,0,0.76,1.0,1,0.293,1472,1472
information gain,0.079,0.2222222222222222,20,0,0.76,1.0,1,0.27,1472,1472
naive,0.104,2.6666666666666665,0,40,0.76,1,0.85,0.715,1472,1472
information gain,0.13,0.6666666666666666,0,40,0.76,1,0.85,0.741,1472,1472
naive,0.116,2.4444444444444446,4,36,0.76,1.0,0.889,0.736,1472,1472
information gain,0.24,1.3333333333333333,4,36,0.76,1.0,0.889,0.745,1472,1472
naive,0.128,6.0,8,32,0.76,1.0,0.812,0.73,1472,1472
information gain,0.249,2.2222222222222223,8,32,0.76,0.625,0.812,0.729,1472,1472
naive,0.131,6.0,12,28,0.76,0.75,1.0,0.781,1472,1472
information gain,0.323,2.6666666666666665,12,28,0.76,0.75,0.857,0.752,1472,1472
naive,0.142,7.111111111111111,16,24,0.76,0.938,1.0,0.798,1472,1472
information gain,0.388,2.888888888888889,16,24,0.76,0.812,1.0,0.828,1472,1472
naive,0.15,6.444444444444445,20,20,0.76,0.9,0.85,0.695,1472,1472
information gain,0.427,2.888888888888889,20,20,0.76,0.8,0.9,0.743,1472,1472
naive,0.161,6.888888888888889,24,16,0.76,0.708,0.812,0.752,1472,1472
information gain,0.576,2.0,24,16,0.76,0.958,0.062,0.3,1472,1472
naive,0.158,6.888888888888889,28,12,0.76,0.964,1.0,0.771,1472,1472
information gain,0.348,1.7777777777777777,28,12,0.76,0.393,0.917,0.74,1472,1472
naive,0.161,5.111111111111111,32,8,0.76,1.0,1.0,0.74,1472,1472
information gain,0.477,1.7777777777777777,32,8,0.76,0.875,0.25,0.312,1472,1472
naive,0.174,5.777777777777778,36,4,0.76,0.75,1.0,0.759,1472,1472
information gain,0.521,0.4444444444444444,36,4,0.76,1.0,0.5,0.27,1472,1472
naive,0.129,0.0,40,0,0.76,1.0,1,0.269,1472,1472
information gain,0.122,0.0,40,0,0.76,1.0,1,0.269,1472,1472
naive,0.196,2.0,0,80,0.76,1,0.85,0.72,1472,1472
information gain,0.299,0.8888888888888888,0,80,0.76,1,0.85,0.728,1472,1472
naive,0.462,6.666666666666667,8,72,0.76,1.0,0.875,0.78,1472,1472
information gain,0.66,2.6666666666666665,8,72,0.76,0.625,0.875,0.762,1472,1472
naive,0.285,8.666666666666666,16,64,0.76,0.875,1.0,0.827,1472,1472
information gain,0.839,3.5555555555555554,16,64,0.76,0.812,0.906,0.738,1472,1472
naive,0.276,8.0,24,56,0.76,0.75,0.946,0.716,1472,1472
information gain,0.81,3.7777777777777777,24,56,0.76,0.75,0.946,0.751,1472,1472
naive,0.315,11.555555555555555,32,48,0.76,1.0,1.0,0.821,1472,1472
information gain,1.099,4.888888888888889,32,48,0.76,0.969,1.0,0.827,1472,1472
naive,0.303,9.777777777777779,40,40,0.76,1.0,1.0,0.81,1472,1472
information gain,1.751,3.111111111111111,40,40,0.76,0.875,0.95,0.751,1472,1472
naive,0.611,17.555555555555557,48,32,0.76,1.0,1.0,0.785,1472,1472
information gain,2.015,5.111111111111111,48,32,0.76,0.896,1.0,0.78,1472,1472
naive,0.401,17.555555555555557,56,24,0.76,0.857,1.0,0.76,1472,1472
information gain,2.072,4.666666666666667,56,24,0.76,0.821,0.792,0.698,1472,1472
naive,0.382,14.444444444444445,64,16,0.76,0.844,0.938,0.548,1472,1472
information gain,2.767,4.222222222222222,64,16,0.76,1.0,0.125,0.308,1472,1472
naive,0.385,12.666666666666666,72,8,0.76,0.958,1.0,0.816,1472,1472
information gain,1.907,4.666666666666667,72,8,0.76,0.944,0.875,0.639,1472,1472
naive,0.278,0.6666666666666666,80,0,0.76,0.925,1,0.297,1472,1472
information gain,0.426,0.4444444444444444,80,0,0.76,0.925,1,0.295,1472,1472
naive,0.66,3.7777777777777777,0,160,0.76,1,0.844,0.75,1472,1472
information gain,1.102,0.8888888888888888,0,160,0.76,1,0.844,0.728,1472,1472
naive,0.618,15.777777777777779,16,144,0.76,1.0,1.0,0.834,1472,1472
information gain,2.234,4.222222222222222,16,144,0.76,1.0,0.903,0.76,1472,1472
naive,0.667,16.0,32,128,0.76,1.0,1.0,0.791,1472,1472
information gain,4.319,5.555555555555555,32,128,0.76,1.0,1.0,0.855,1472,1472
naive,0.775,19.77777777777778,48,112,0.76,0.979,1.0,0.838,1472,1472
information gain,4.136,6.888888888888889,48,112,0.76,0.979,1.0,0.901,1472,1472
naive,1.138,24.444444444444443,64,96,0.76,0.984,1.0,0.796,1472,1472
information gain,4.625,8.222222222222221,64,96,0.76,0.797,1.0,0.863,1472,1472
naive,0.962,23.333333333333332,80,80,0.76,1.0,1.0,0.837,1472,1472
information gain,4.818,9.333333333333334,80,80,0.76,0.963,1.0,0.863,1472,1472
naive,1.232,26.0,96,64,0.76,0.948,1.0,0.834,1472,1472
information gain,4.406,8.0,96,64,0.76,0.802,0.906,0.73,1472,1472
naive,0.96,24.444444444444443,112,48,0.76,0.982,1.0,0.828,1472,1472
information gain,4.748,7.555555555555555,112,48,0.76,0.857,1.0,0.807,1472,1472
naive,1.973,34.888888888888886,128,32,0.76,0.961,1.0,0.861,1472,1472
information gain,8.413,7.555555555555555,128,32,0.76,0.781,1.0,0.79,1472,1472
naive,1.062,25.11111111111111,144,16,0.76,0.875,1.0,0.786,1472,1472
information gain,9.699,5.111111111111111,144,16,0.76,0.979,0.375,0.317,1472,1472
naive,0.934,14.666666666666666,160,0,0.76,0.863,1,0.613,1472,1472
information gain,3.364,1.5555555555555556,160,0,0.76,1.0,1,0.312,1472,1472
naive,0.758,8.666666666666666,0,240,0.76,1,0.9,0.737,1472,1472
information gain,1.857,1.1111111111111112,0,240,0.76,1,0.9,0.726,1472,1472
naive,1.277,16.0,24,216,0.76,1.0,1.0,0.823,1472,1472
information gain,4.985,5.111111111111111,24,216,0.76,1.0,0.921,0.761,1472,1472
naive,1.382,26.444444444444443,48,192,0.76,0.979,1.0,0.833,1472,1472
information gain,8.271,8.88888888888889,48,192,0.76,0.979,1.0,0.905,1472,1472
naive,1.501,31.77777777777778,72,168,0.76,0.958,1.0,0.844,1472,1472
information gain,7.001,7.555555555555555,72,168,0.76,0.958,1.0,0.893,1472,1472
naive,1.677,33.77777777777778,96,144,0.76,0.948,1.0,0.838,1472,1472
information gain,8.848,9.333333333333334,96,144,0.76,0.833,1.0,0.872,1472,1472
naive,2.096,42.888888888888886,120,120,0.76,0.85,1.0,0.824,1472,1472
information gain,11.506,11.333333333333334,120,120,0.76,0.817,1.0,0.876,1472,1472
naive,1.955,40.44444444444444,144,96,0.76,0.972,1.0,0.852,1472,1472
information gain,11.056,12.222222222222221,144,96,0.76,0.938,1.0,0.868,1472,1472
naive,2.282,40.44444444444444,168,72,0.76,0.994,1.0,0.848,1472,1472
information gain,16.758,11.777777777777779,168,72,0.76,0.845,0.986,0.836,1472,1472
naive,2.173,32.22222222222222,192,48,0.76,0.932,1.0,0.852,1472,1472
information gain,16.689,9.777777777777779,192,48,0.76,0.849,1.0,0.791,1472,1472
naive,2.258,36.44444444444444,216,24,0.76,0.88,1.0,0.77,1472,1472
information gain,23.189,6.444444444444445,216,24,0.76,0.787,0.25,0.317,1472,1472
naive,2.293,23.11111111111111,240,0,0.76,0.871,1,0.604,1472,1472
information gain,10.196,2.2222222222222223,240,0,0.76,0.983,1,0.299,1472,1472
