strat,runtime,avg_tree_size_increase,num_complaints,confirmation_cnt,global_accuracy,fix_rate,confirm_preserve_rate,new_global_accuracy,prev_signaled_cnt,new_signaled_cnt
naive,0.041,0.4444444444444444,5,5,0.76,0.4,0.6,0.729,1472,1472
information gain,0.048,0.2222222222222222,5,5,0.76,1.0,0.2,0.269,1472,1472
naive,0.085,3.5555555555555554,10,10,0.76,1.0,1.0,0.787,1472,1472
information gain,0.133,1.1111111111111112,10,10,0.76,0.4,1.0,0.786,1472,1472
naive,0.146,8.444444444444445,20,20,0.76,1.0,1.0,0.746,1472,1472
information gain,0.389,2.2222222222222223,20,20,0.76,0.7,0.9,0.741,1472,1472
naive,0.28,11.777777777777779,40,40,0.76,0.775,1.0,0.818,1472,1472
information gain,0.924,5.111111111111111,40,40,0.76,0.825,1.0,0.806,1472,1472
naive,1.282,36.0,120,120,0.76,0.842,1.0,0.832,1472,1472
information gain,13.448,10.88888888888889,120,120,0.76,0.842,1.0,0.878,1472,1472
