strat,runtime,avg_tree_size_increase,num_complaints,confirmation_cnt,global_accuracy,fix_rate,confirm_preserve_rate,new_global_accuracy,prev_signaled_cnt,new_signaled_cnt
naive,0.038,1.3333333333333333,5,5,0.76,0.8,1.0,0.759,1472,1472
information gain,0.055,0.8888888888888888,5,5,0.76,0.6,1.0,0.771,1472,1472
naive,0.058,3.5555555555555554,10,10,0.76,1.0,0.9,0.715,1472,1472
information gain,0.104,1.1111111111111112,10,10,0.76,0.6,1.0,0.742,1472,1472
naive,0.145,6.666666666666667,20,20,0.76,1.0,1.0,0.775,1472,1472
information gain,0.592,3.3333333333333335,20,20,0.76,0.65,0.85,0.758,1472,1472
naive,0.285,10.88888888888889,40,40,0.76,0.975,1.0,0.834,1472,1472
information gain,1.033,4.666666666666667,40,40,0.76,1.0,1.0,0.803,1472,1472
naive,1.281,34.666666666666664,120,120,0.76,0.917,1.0,0.842,1472,1472
information gain,17.181,10.88888888888889,120,120,0.76,0.917,1.0,0.833,1472,1472
