strat,runtime,avg_tree_size_increase,num_complaints,confirmation_cnt,global_accuracy,fix_rate,confirm_preserve_rate,new_global_accuracy,prev_signaled_cnt,new_signaled_cnt
naive,0.037,2.0,5,5,0.76,0.8,1.0,0.733,1472,1472
information gain,0.037,0.8888888888888888,5,5,0.76,0.8,0.6,0.324,1472,1472
naive,0.078,3.5555555555555554,10,10,0.76,1.0,1.0,0.743,1472,1472
information gain,0.109,1.3333333333333333,10,10,0.76,1.0,0.9,0.68,1472,1472
naive,0.145,5.777777777777778,20,20,0.76,0.8,1.0,0.83,1472,1472
information gain,0.44,2.2222222222222223,20,20,0.76,0.65,0.95,0.815,1472,1472
naive,0.304,10.222222222222221,40,40,0.76,0.9,1.0,0.836,1472,1472
information gain,1.26,4.222222222222222,40,40,0.76,0.925,0.95,0.831,1472,1472
naive,1.345,38.44444444444444,120,120,0.76,0.867,1.0,0.845,1472,1472
information gain,17.242,10.88888888888889,120,120,0.76,0.808,1.0,0.886,1472,1472
