strat,runtime,avg_tree_size_increase,num_complaints,confirmation_cnt,global_accuracy,fix_rate,confirm_preserve_rate,new_global_accuracy,prev_signaled_cnt,new_signaled_cnt
naive,0.035,0.2222222222222222,5,5,0.76,0.6,1.0,0.804,1472,1472
information gain,0.025,0.2222222222222222,5,5,0.76,0.6,1.0,0.804,1472,1472
naive,0.062,3.3333333333333335,10,10,0.76,1.0,1.0,0.759,1472,1472
information gain,0.146,1.7777777777777777,10,10,0.76,0.7,0.9,0.75,1472,1472
naive,0.167,7.555555555555555,20,20,0.76,0.9,1.0,0.789,1472,1472
information gain,0.761,2.888888888888889,20,20,0.76,0.85,0.3,0.35,1472,1472
naive,0.313,12.0,40,40,0.76,0.9,1.0,0.821,1472,1472
information gain,1.621,5.777777777777778,40,40,0.76,0.825,1.0,0.812,1472,1472
naive,1.327,36.22222222222222,120,120,0.76,0.858,1.0,0.813,1472,1472
information gain,8.854,9.555555555555555,120,120,0.76,1.0,1.0,0.916,1472,1472
