strat,runtime,avg_tree_size_increase,num_complaints,confirmation_cnt,global_accuracy,fix_rate,confirm_preserve_rate,new_global_accuracy,prev_signaled_cnt,new_signaled_cnt
naive,0.045,1.7777777777777777,5,5,0.76,1.0,1.0,0.721,1472,1472
information gain,0.058,1.1111111111111112,5,5,0.76,1.0,1.0,0.792,1472,1472
naive,0.08,3.5555555555555554,10,10,0.76,0.9,1.0,0.763,1472,1472
information gain,0.103,1.1111111111111112,10,10,0.76,0.3,0.9,0.734,1472,1472
naive,0.149,7.333333333333333,20,20,0.76,0.75,1.0,0.767,1472,1472
information gain,0.512,2.4444444444444446,20,20,0.76,0.45,1.0,0.79,1472,1472
naive,0.298,9.333333333333334,40,40,0.76,1.0,1.0,0.819,1472,1472
information gain,1.455,4.888888888888889,40,40,0.76,1.0,1.0,0.849,1472,1472
naive,1.332,36.0,120,120,0.76,0.967,1.0,0.836,1472,1472
information gain,9.743,10.444444444444445,120,120,0.76,0.867,1.0,0.849,1472,1472
