strat,runtime,avg_tree_size_increase,num_complaints,confirmation_cnt,global_accuracy,fix_rate,confirm_preserve_rate,new_global_accuracy,prev_signaled_cnt,new_signaled_cnt
naive,0.046,0.4444444444444444,0,10,0.76,1,1.0,0.739,1472,1472
information gain,0.048,0.4444444444444444,0,10,0.76,1,1.0,0.739,1472,1472
naive,0.021,0.4444444444444444,1,9,0.76,0.0,1.0,0.732,1472,1472
information gain,0.032,0.4444444444444444,1,9,0.76,0.0,1.0,0.732,1472,1472
naive,0.035,0.8888888888888888,2,8,0.76,1.0,1.0,0.737,1472,1472
information gain,0.036,0.4444444444444444,2,8,0.76,1.0,1.0,0.789,1472,1472
naive,0.043,2.0,3,7,0.76,1.0,1.0,0.73,1472,1472
information gain,0.094,1.3333333333333333,3,7,0.76,1.0,1.0,0.725,1472,1472
naive,0.042,1.3333333333333333,4,6,0.76,0.75,1.0,0.741,1472,1472
information gain,0.073,0.6666666666666666,4,6,0.76,0.25,1.0,0.781,1472,1472
naive,0.042,0.8888888888888888,5,5,0.76,0.4,1.0,0.764,1472,1472
information gain,0.057,0.4444444444444444,5,5,0.76,0.8,1.0,0.734,1472,1472
naive,0.033,0.6666666666666666,6,4,0.76,0.667,1.0,0.755,1472,1472
information gain,0.034,0.4444444444444444,6,4,0.76,0.667,1.0,0.734,1472,1472
naive,0.034,1.5555555555555556,7,3,0.76,0.571,1.0,0.72,1472,1472
information gain,0.053,0.8888888888888888,7,3,0.76,0.571,1.0,0.745,1472,1472
naive,0.044,0.2222222222222222,8,2,0.76,0.75,1.0,0.814,1472,1472
information gain,0.048,0.2222222222222222,8,2,0.76,0.75,1.0,0.814,1472,1472
naive,0.029,0.0,9,1,0.76,1.0,0.0,0.305,1472,1472
information gain,0.028,0.0,9,1,0.76,1.0,0.0,0.305,1472,1472
naive,0.047,0.0,10,0,0.76,1.0,1,0.269,1472,1472
information gain,0.037,0.0,10,0,0.76,1.0,1,0.269,1472,1472
naive,0.073,1.1111111111111112,0,20,0.76,1,0.95,0.726,1472,1472
information gain,0.084,0.6666666666666666,0,20,0.76,1,0.95,0.727,1472,1472
naive,0.083,1.3333333333333333,2,18,0.76,1.0,0.889,0.726,1472,1472
information gain,0.142,1.1111111111111112,2,18,0.76,1.0,0.889,0.756,1472,1472
naive,0.057,2.4444444444444446,4,16,0.76,0.75,1.0,0.757,1472,1472
information gain,0.092,0.8888888888888888,4,16,0.76,0.75,0.875,0.71,1472,1472
naive,0.063,2.888888888888889,6,14,0.76,1.0,0.929,0.762,1472,1472
information gain,0.068,1.7777777777777777,6,14,0.76,1.0,0.929,0.764,1472,1472
naive,0.075,2.0,8,12,0.76,0.75,1.0,0.771,1472,1472
information gain,0.109,0.8888888888888888,8,12,0.76,0.875,1.0,0.782,1472,1472
naive,0.091,2.6666666666666665,10,10,0.76,0.8,1.0,0.785,1472,1472
information gain,0.155,1.1111111111111112,10,10,0.76,0.8,1.0,0.76,1472,1472
naive,0.072,3.3333333333333335,12,8,0.76,0.917,1.0,0.809,1472,1472
information gain,0.104,0.6666666666666666,12,8,0.76,0.917,0.0,0.302,1472,1472
naive,0.077,3.3333333333333335,14,6,0.76,1.0,1.0,0.855,1472,1472
information gain,0.115,1.1111111111111112,14,6,0.76,0.643,0.333,0.31,1472,1472
naive,0.074,4.666666666666667,16,4,0.76,0.75,1.0,0.821,1472,1472
information gain,0.132,1.3333333333333333,16,4,0.76,0.812,0.25,0.292,1472,1472
naive,0.071,0.8888888888888888,18,2,0.76,0.944,0.0,0.272,1472,1472
information gain,0.063,0.2222222222222222,18,2,0.76,0.889,0.0,0.261,1472,1472
naive,0.06,1.3333333333333333,20,0,0.76,1.0,1,0.264,1472,1472
information gain,0.066,0.4444444444444444,20,0,0.76,0.9,1,0.281,1472,1472
naive,0.105,0.8888888888888888,0,40,0.76,1,0.925,0.743,1472,1472
information gain,0.142,0.6666666666666666,0,40,0.76,1,0.925,0.732,1472,1472
naive,0.129,2.888888888888889,4,36,0.76,1.0,1.0,0.819,1472,1472
information gain,0.253,1.3333333333333333,4,36,0.76,1.0,0.944,0.764,1472,1472
naive,0.112,5.111111111111111,8,32,0.76,0.875,0.938,0.743,1472,1472
information gain,0.243,1.7777777777777777,8,32,0.76,0.75,0.875,0.763,1472,1472
naive,0.137,5.333333333333333,12,28,0.76,0.917,0.929,0.737,1472,1472
information gain,0.326,2.0,12,28,0.76,0.583,0.964,0.722,1472,1472
naive,0.134,7.333333333333333,16,24,0.76,0.812,1.0,0.766,1472,1472
information gain,0.286,2.4444444444444446,16,24,0.76,0.75,1.0,0.746,1472,1472
naive,0.21,5.333333333333333,20,20,0.76,0.95,1.0,0.853,1472,1472
information gain,0.396,2.0,20,20,0.76,0.75,1.0,0.814,1472,1472
naive,0.134,7.777777777777778,24,16,0.76,1.0,1.0,0.792,1472,1472
information gain,0.314,2.6666666666666665,24,16,0.76,1.0,1.0,0.8,1472,1472
naive,0.135,7.111111111111111,28,12,0.76,0.893,1.0,0.824,1472,1472
information gain,0.403,2.6666666666666665,28,12,0.76,0.857,1.0,0.77,1472,1472
naive,0.168,7.333333333333333,32,8,0.76,0.75,1.0,0.838,1472,1472
information gain,0.51,2.888888888888889,32,8,0.76,0.5,1.0,0.744,1472,1472
naive,0.146,6.222222222222222,36,4,0.76,0.833,1.0,0.804,1472,1472
information gain,0.199,1.1111111111111112,36,4,0.76,0.889,0.5,0.274,1472,1472
naive,0.138,1.7777777777777777,40,0,0.76,0.925,1,0.272,1472,1472
information gain,0.166,0.8888888888888888,40,0,0.76,0.925,1,0.313,1472,1472
naive,0.202,2.0,0,80,0.76,1,0.875,0.731,1472,1472
information gain,0.346,0.6666666666666666,0,80,0.76,1,0.875,0.728,1472,1472
naive,0.22,4.888888888888889,8,72,0.76,1.0,1.0,0.801,1472,1472
information gain,0.527,2.4444444444444446,8,72,0.76,0.875,1.0,0.815,1472,1472
naive,0.23,6.666666666666667,16,64,0.76,0.938,0.906,0.757,1472,1472
information gain,0.965,3.3333333333333335,16,64,0.76,0.438,0.906,0.74,1472,1472
naive,0.301,7.555555555555555,24,56,0.76,0.917,1.0,0.844,1472,1472
information gain,1.148,3.3333333333333335,24,56,0.76,0.708,0.929,0.738,1472,1472
naive,0.32,14.222222222222221,32,48,0.76,0.906,1.0,0.859,1472,1472
information gain,1.443,4.222222222222222,32,48,0.76,0.906,0.875,0.755,1472,1472
naive,0.301,13.777777777777779,40,40,0.76,0.975,1.0,0.846,1472,1472
information gain,0.994,6.222222222222222,40,40,0.76,0.625,1.0,0.837,1472,1472
naive,0.317,14.88888888888889,48,32,0.76,0.958,1.0,0.867,1472,1472
information gain,1.5,4.0,48,32,0.76,0.771,1.0,0.841,1472,1472
naive,0.347,16.88888888888889,56,24,0.76,0.982,1.0,0.832,1472,1472
information gain,2.477,4.888888888888889,56,24,0.76,0.893,0.792,0.753,1472,1472
naive,0.507,16.666666666666668,64,16,0.76,0.953,1.0,0.887,1472,1472
information gain,3.528,4.222222222222222,64,16,0.76,0.984,0.562,0.318,1472,1472
naive,0.492,14.666666666666666,72,8,0.76,0.736,1.0,0.804,1472,1472
information gain,0.939,1.5555555555555556,72,8,0.76,0.931,0.125,0.28,1472,1472
naive,0.278,2.888888888888889,80,0,0.76,1.0,1,0.289,1472,1472
information gain,0.353,0.6666666666666666,80,0,0.76,0.938,1,0.287,1472,1472
naive,0.383,1.7777777777777777,0,160,0.76,1,0.938,0.726,1472,1472
information gain,1.257,0.8888888888888888,0,160,0.76,1,0.938,0.726,1472,1472
naive,0.771,11.555555555555555,16,144,0.76,1.0,1.0,0.859,1472,1472
information gain,2.687,4.666666666666667,16,144,0.76,1.0,1.0,0.87,1472,1472
naive,0.525,10.666666666666666,32,128,0.76,0.938,1.0,0.85,1472,1472
information gain,3.986,4.444444444444445,32,128,0.76,0.938,1.0,0.893,1472,1472
naive,0.932,21.11111111111111,48,112,0.76,0.917,1.0,0.807,1472,1472
information gain,3.81,6.888888888888889,48,112,0.76,1.0,1.0,0.882,1472,1472
naive,0.953,19.11111111111111,64,96,0.76,0.859,1.0,0.853,1472,1472
information gain,3.489,7.333333333333333,64,96,0.76,0.828,1.0,0.841,1472,1472
naive,0.797,26.444444444444443,80,80,0.76,0.925,1.0,0.861,1472,1472
information gain,7.687,7.555555555555555,80,80,0.76,0.925,1.0,0.846,1472,1472
naive,0.823,29.11111111111111,96,64,0.76,0.917,1.0,0.871,1472,1472
information gain,6.341,8.444444444444445,96,64,0.76,0.917,1.0,0.875,1472,1472
naive,0.795,24.666666666666668,112,48,0.76,0.92,1.0,0.859,1472,1472
information gain,8.214,8.222222222222221,112,48,0.76,0.884,1.0,0.795,1472,1472
naive,0.903,31.333333333333332,128,32,0.76,0.867,1.0,0.859,1472,1472
information gain,8.657,5.555555555555555,128,32,0.76,0.844,1.0,0.773,1472,1472
naive,0.829,22.666666666666668,144,16,0.76,0.819,1.0,0.843,1472,1472
information gain,10.538,6.666666666666667,144,16,0.76,0.958,0.438,0.326,1472,1472
naive,0.722,14.222222222222221,160,0,0.76,0.894,1,0.567,1472,1472
information gain,2.833,0.8888888888888888,160,0,0.76,1.0,1,0.338,1472,1472
naive,0.647,4.0,0,240,0.76,1,0.879,0.734,1472,1472
information gain,2.081,1.1111111111111112,0,240,0.76,1,0.879,0.728,1472,1472
naive,1.063,13.555555555555555,24,216,0.76,0.958,1.0,0.862,1472,1472
information gain,4.836,4.444444444444445,24,216,0.76,1.0,1.0,0.884,1472,1472
naive,1.273,22.88888888888889,48,192,0.76,0.958,1.0,0.833,1472,1472
information gain,7.509,9.333333333333334,48,192,0.76,0.958,1.0,0.866,1472,1472
naive,1.531,26.444444444444443,72,168,0.76,0.944,1.0,0.877,1472,1472
information gain,9.937,9.11111111111111,72,168,0.76,0.958,1.0,0.905,1472,1472
naive,1.638,28.22222222222222,96,144,0.76,0.969,1.0,0.87,1472,1472
information gain,10.111,10.0,96,144,0.76,0.969,1.0,0.89,1472,1472
naive,1.384,38.0,120,120,0.76,0.833,1.0,0.862,1472,1472
information gain,11.227,11.555555555555555,120,120,0.76,0.833,1.0,0.865,1472,1472
naive,1.323,35.111111111111114,144,96,0.76,0.833,1.0,0.853,1472,1472
information gain,10.239,10.444444444444445,144,96,0.76,0.694,1.0,0.823,1472,1472
naive,1.831,33.333333333333336,168,72,0.76,0.887,1.0,0.878,1472,1472
information gain,10.016,10.88888888888889,168,72,0.76,0.839,1.0,0.823,1472,1472
naive,1.936,35.111111111111114,192,48,0.76,0.854,1.0,0.861,1472,1472
information gain,22.044,9.333333333333334,192,48,0.76,0.859,1.0,0.767,1472,1472
naive,1.765,36.888888888888886,216,24,0.76,0.852,1.0,0.827,1472,1472
information gain,32.838,8.222222222222221,216,24,0.76,0.829,0.458,0.29,1472,1472
naive,1.2,22.88888888888889,240,0,0.76,0.796,1,0.838,1472,1472
information gain,12.655,2.2222222222222223,240,0,0.76,0.912,1,0.281,1472,1472
