strat,runtime,avg_tree_size_increase,num_complaints,confirmation_cnt,global_accuracy,fix_rate,confirm_preserve_rate,new_global_accuracy,prev_signaled_cnt,new_signaled_cnt
naive,0.05,0.6666666666666666,5,5,0.76,0.8,1.0,0.757,1472,1472
information gain,0.078,0.4444444444444444,5,5,0.76,0.6,0.8,0.753,1472,1472
naive,0.058,2.4444444444444446,10,10,0.76,1.0,1.0,0.798,1472,1472
information gain,0.097,1.3333333333333333,10,10,0.76,0.6,0.9,0.783,1472,1472
naive,0.154,6.888888888888889,20,20,0.76,0.95,1.0,0.84,1472,1472
information gain,0.672,2.6666666666666665,20,20,0.76,0.7,1.0,0.806,1472,1472
naive,0.285,11.555555555555555,40,40,0.76,1.0,1.0,0.774,1472,1472
information gain,1.201,4.666666666666667,40,40,0.76,0.95,0.975,0.81,1472,1472
naive,1.241,30.88888888888889,120,120,0.76,0.892,1.0,0.843,1472,1472
information gain,11.934,10.444444444444445,120,120,0.76,0.892,1.0,0.885,1472,1472
