strat,runtime,avg_tree_size_increase,num_complaints,confirmation_cnt,global_accuracy,fix_rate,confirm_preserve_rate,new_global_accuracy,prev_signaled_cnt,new_signaled_cnt
naive,0.039,1.1111111111111112,5,5,0.76,0.6,0.2,0.285,1472,1472
information gain,0.056,0.4444444444444444,5,5,0.76,1.0,0.2,0.288,1472,1472
naive,0.069,2.888888888888889,10,10,0.76,1.0,1.0,0.747,1472,1472
information gain,0.103,1.5555555555555556,10,10,0.76,0.7,0.9,0.726,1472,1472
naive,0.145,5.111111111111111,20,20,0.76,0.9,0.95,0.741,1472,1472
information gain,0.464,2.4444444444444446,20,20,0.76,0.9,0.95,0.772,1472,1472
naive,0.275,9.555555555555555,40,40,0.76,0.975,1.0,0.772,1472,1472
information gain,1.33,4.222222222222222,40,40,0.76,0.975,1.0,0.827,1472,1472
naive,1.313,34.22222222222222,120,120,0.76,0.808,1.0,0.852,1472,1472
information gain,9.903,11.333333333333334,120,120,0.76,0.808,1.0,0.876,1472,1472
