strat,runtime,avg_tree_size_increase,num_complaints,confirmation_cnt,global_accuracy,fix_rate,confirm_preserve_rate,new_global_accuracy,prev_signaled_cnt,new_signaled_cnt
naive,0.025,1.3333333333333333,5,5,0.76,0.8,1.0,0.74,1472,1472
information gain,0.033,0.8888888888888888,5,5,0.76,0.6,1.0,0.772,1472,1472
naive,0.07,3.111111111111111,10,10,0.76,0.9,1.0,0.758,1472,1472
information gain,0.146,0.8888888888888888,10,10,0.76,0.5,0.9,0.783,1472,1472
naive,0.15,6.888888888888889,20,20,0.76,0.85,0.95,0.736,1472,1472
information gain,0.672,3.111111111111111,20,20,0.76,0.4,0.85,0.778,1472,1472
naive,0.29,10.88888888888889,40,40,0.76,1.0,1.0,0.819,1472,1472
information gain,1.968,5.111111111111111,40,40,0.76,0.775,0.95,0.743,1472,1472
naive,1.371,39.55555555555556,120,120,0.76,1.0,1.0,0.842,1472,1472
information gain,13.975,11.11111111111111,120,120,0.76,0.992,1.0,0.887,1472,1472
