strat,runtime,avg_tree_size_increase,num_complaints,confirmation_cnt,global_accuracy,fix_rate,confirm_preserve_rate,new_global_accuracy,prev_signaled_cnt,new_signaled_cnt
naive,0.04,1.5555555555555556,5,5,0.76,0.2,1.0,0.734,1472,1472
information gain,0.061,0.4444444444444444,5,5,0.76,0.8,1.0,0.806,1472,1472
naive,0.069,3.7777777777777777,10,10,0.76,0.8,1.0,0.768,1472,1472
information gain,0.149,1.3333333333333333,10,10,0.76,0.8,0.9,0.586,1472,1472
naive,0.204,6.222222222222222,20,20,0.76,0.85,1.0,0.775,1472,1472
information gain,0.9,3.3333333333333335,20,20,0.76,0.85,0.0,0.228,1472,1472
naive,0.285,12.666666666666666,40,40,0.76,1.0,1.0,0.787,1472,1472
information gain,0.909,5.111111111111111,40,40,0.76,0.95,1.0,0.861,1472,1472
naive,1.952,38.44444444444444,120,120,0.76,0.883,1.0,0.836,1472,1472
information gain,14.817,12.222222222222221,120,120,0.76,0.883,1.0,0.889,1472,1472
