strat,runtime,avg_tree_size_increase,num_complaints,confirmation_cnt,global_accuracy,fix_rate,confirm_preserve_rate,new_global_accuracy,prev_signaled_cnt,new_signaled_cnt
naive,0.031,1.1111111111111112,5,5,0.76,0.8,0.8,0.732,1472,1472
information gain,0.055,0.6666666666666666,5,5,0.76,0.6,1.0,0.793,1472,1472
naive,0.062,2.4444444444444446,10,10,0.76,1.0,1.0,0.716,1472,1472
information gain,0.127,1.7777777777777777,10,10,0.76,0.3,0.9,0.785,1472,1472
naive,0.166,6.0,20,20,0.76,0.85,0.95,0.714,1472,1472
information gain,0.541,2.6666666666666665,20,20,0.76,0.75,1.0,0.767,1472,1472
naive,0.288,11.777777777777779,40,40,0.76,0.975,1.0,0.811,1472,1472
information gain,1.43,4.222222222222222,40,40,0.76,0.85,0.95,0.803,1472,1472
naive,1.43,41.333333333333336,120,120,0.76,1.0,1.0,0.841,1472,1472
information gain,13.05,12.88888888888889,120,120,0.76,0.892,1.0,0.874,1472,1472
