strat,runtime,avg_tree_size_increase,num_complaints,confirmation_cnt,global_accuracy,fix_rate,confirm_preserve_rate,new_global_accuracy,prev_signaled_cnt,new_signaled_cnt
naive,0.032,0.0,5,5,0.76,0.0,0.4,0.683,1472,1472
information gain,0.026,0.0,5,5,0.76,0.0,0.4,0.683,1472,1472
naive,0.058,2.2222222222222223,10,10,0.76,0.9,1.0,0.774,1472,1472
information gain,0.104,0.8888888888888888,10,10,0.76,1.0,1.0,0.745,1472,1472
naive,0.125,6.222222222222222,20,20,0.76,0.55,0.8,0.738,1472,1472
information gain,0.303,2.4444444444444446,20,20,0.76,0.75,0.3,0.265,1472,1472
naive,0.526,16.88888888888889,40,40,0.76,0.975,1.0,0.789,1472,1472
information gain,2.139,6.222222222222222,40,40,0.76,0.55,0.95,0.729,1472,1472
naive,1.397,37.55555555555556,120,120,0.76,0.875,1.0,0.847,1472,1472
information gain,13.357,13.333333333333334,120,120,0.76,0.817,1.0,0.878,1472,1472
