strat,runtime,avg_tree_size_increase,num_complaints,confirmation_cnt,global_accuracy,fix_rate,confirm_preserve_rate,new_global_accuracy,prev_signaled_cnt,new_signaled_cnt
naive,0.054,0.0,5,5,0.76,1.0,0.2,0.269,1472,1472
information gain,0.04,0.0,5,5,0.76,1.0,0.2,0.269,1472,1472
naive,0.069,3.7777777777777777,10,10,0.76,0.9,1.0,0.76,1472,1472
information gain,0.14,1.5555555555555556,10,10,0.76,0.6,1.0,0.721,1472,1472
naive,0.176,7.777777777777778,20,20,0.76,1.0,0.95,0.749,1472,1472
information gain,0.599,2.0,20,20,0.76,0.5,0.9,0.778,1472,1472
naive,0.523,13.777777777777779,40,40,0.76,0.925,1.0,0.845,1472,1472
information gain,1.185,5.333333333333333,40,40,0.76,0.35,0.9,0.729,1472,1472
naive,1.838,36.22222222222222,120,120,0.76,1.0,1.0,0.842,1472,1472
information gain,11.867,10.88888888888889,120,120,0.76,0.892,1.0,0.866,1472,1472
