strat,runtime,avg_tree_size_increase,num_complaints,confirmation_cnt,global_accuracy,fix_rate,confirm_preserve_rate,new_global_accuracy,prev_signaled_cnt,new_signaled_cnt
naive,0.031,0.8888888888888888,0,10,0.76,1,0.9,0.72,1472,1472
information gain,0.049,0.4444444444444444,0,10,0.76,1,0.9,0.726,1472,1472
naive,0.034,0.6666666666666666,1,9,0.76,0.0,1.0,0.74,1472,1472
information gain,0.033,0.4444444444444444,1,9,0.76,0.0,1.0,0.746,1472,1472
naive,0.023,0.2222222222222222,2,8,0.76,0.5,1.0,0.755,1472,1472
information gain,0.034,0.2222222222222222,2,8,0.76,0.5,1.0,0.755,1472,1472
naive,0.028,0.6666666666666666,3,7,0.76,0.333,1.0,0.747,1472,1472
information gain,0.04,0.4444444444444444,3,7,0.76,0.333,1.0,0.768,1472,1472
naive,0.035,1.5555555555555556,4,6,0.76,0.75,1.0,0.715,1472,1472
information gain,0.043,0.6666666666666666,4,6,0.76,0.0,1.0,0.708,1472,1472
naive,0.347,0.4444444444444444,5,5,0.76,0.4,1.0,0.749,1472,1472
information gain,0.03,0.4444444444444444,5,5,0.76,0.2,1.0,0.766,1472,1472
naive,0.047,0.2222222222222222,6,4,0.76,1.0,0.25,0.305,1472,1472
information gain,0.045,0.2222222222222222,6,4,0.76,1.0,0.25,0.305,1472,1472
naive,0.045,1.5555555555555556,7,3,0.76,0.857,1.0,0.726,1472,1472
information gain,0.054,0.6666666666666666,7,3,0.76,0.857,0.0,0.319,1472,1472
naive,0.047,1.5555555555555556,8,2,0.76,1.0,1.0,0.783,1472,1472
information gain,0.055,0.4444444444444444,8,2,0.76,1.0,1.0,0.427,1472,1472
naive,0.031,0.8888888888888888,9,1,0.76,0.889,0.0,0.236,1472,1472
information gain,0.026,0.2222222222222222,9,1,0.76,1.0,1.0,0.241,1472,1472
naive,0.038,0.0,10,0,0.76,1.0,1,0.305,1472,1472
information gain,0.038,0.0,10,0,0.76,1.0,1,0.305,1472,1472
naive,0.044,0.0,0,20,0.76,1,1.0,0.737,1472,1472
information gain,0.052,0.0,0,20,0.76,1,1.0,0.737,1472,1472
naive,0.057,1.1111111111111112,2,18,0.76,1.0,1.0,0.765,1472,1472
information gain,0.065,0.6666666666666666,2,18,0.76,1.0,1.0,0.772,1472,1472
naive,0.056,2.0,4,16,0.76,0.75,0.938,0.728,1472,1472
information gain,0.09,0.6666666666666666,4,16,0.76,0.75,0.938,0.753,1472,1472
naive,0.071,2.4444444444444446,6,14,0.76,1.0,1.0,0.787,1472,1472
information gain,0.311,1.3333333333333333,6,14,0.76,0.833,0.857,0.671,1472,1472
naive,0.073,2.6666666666666665,8,12,0.76,0.875,1.0,0.837,1472,1472
information gain,0.116,1.3333333333333333,8,12,0.76,0.0,0.833,0.698,1472,1472
naive,0.091,3.3333333333333335,10,10,0.76,1.0,0.8,0.738,1472,1472
information gain,0.225,2.0,10,10,0.76,0.1,0.9,0.715,1472,1472
naive,0.097,4.666666666666667,12,8,0.76,1.0,1.0,0.821,1472,1472
information gain,0.287,1.7777777777777777,12,8,0.76,0.917,0.875,0.75,1472,1472
naive,0.067,2.888888888888889,14,6,0.76,0.786,1.0,0.789,1472,1472
information gain,0.089,1.3333333333333333,14,6,0.76,0.929,0.167,0.266,1472,1472
naive,0.072,3.5555555555555554,16,4,0.76,0.938,1.0,0.772,1472,1472
information gain,0.119,0.8888888888888888,16,4,0.76,0.938,0.0,0.275,1472,1472
naive,0.071,2.2222222222222223,18,2,0.76,0.667,1.0,0.757,1472,1472
information gain,0.09,0.6666666666666666,18,2,0.76,0.944,0.0,0.285,1472,1472
naive,0.07,0.0,20,0,0.76,1.0,1,0.269,1472,1472
information gain,0.084,0.0,20,0,0.76,1.0,1,0.269,1472,1472
naive,0.102,1.3333333333333333,0,40,0.76,1,0.95,0.738,1472,1472
information gain,0.185,0.6666666666666666,0,40,0.76,1,0.95,0.728,1472,1472
naive,0.11,2.6666666666666665,4,36,0.76,1.0,1.0,0.727,1472,1472
information gain,0.202,1.5555555555555556,4,36,0.76,1.0,1.0,0.761,1472,1472
naive,0.131,6.0,8,32,0.76,0.875,1.0,0.814,1472,1472
information gain,0.248,2.6666666666666665,8,32,0.76,0.875,1.0,0.785,1472,1472
naive,0.139,4.0,12,28,0.76,1.0,1.0,0.838,1472,1472
information gain,0.34,2.2222222222222223,12,28,0.76,1.0,1.0,0.823,1472,1472
naive,0.136,4.666666666666667,16,24,0.76,0.938,0.833,0.776,1472,1472
information gain,0.447,2.4444444444444446,16,24,0.76,0.938,1.0,0.77,1472,1472
naive,0.174,7.333333333333333,20,20,0.76,1.0,1.0,0.784,1472,1472
information gain,0.676,2.6666666666666665,20,20,0.76,0.9,1.0,0.746,1472,1472
naive,0.153,7.777777777777778,24,16,0.76,0.875,1.0,0.846,1472,1472
information gain,0.498,2.4444444444444446,24,16,0.76,0.583,0.875,0.747,1472,1472
naive,0.175,8.0,28,12,0.76,1.0,1.0,0.824,1472,1472
information gain,0.549,2.888888888888889,28,12,0.76,0.964,1.0,0.76,1472,1472
naive,0.163,5.777777777777778,32,8,0.76,0.781,1.0,0.82,1472,1472
information gain,0.308,1.1111111111111112,32,8,0.76,0.906,0.0,0.295,1472,1472
naive,0.163,6.444444444444445,36,4,0.76,0.889,1.0,0.789,1472,1472
information gain,0.345,2.2222222222222223,36,4,0.76,0.972,0.25,0.239,1472,1472
naive,0.143,1.5555555555555556,40,0,0.76,1.0,1,0.282,1472,1472
information gain,0.163,0.2222222222222222,40,0,0.76,0.925,1,0.287,1472,1472
naive,0.182,0.8888888888888888,0,80,0.76,1,1.0,0.806,1472,1472
information gain,0.323,0.6666666666666666,0,80,0.76,1,0.938,0.726,1472,1472
naive,0.238,7.555555555555555,8,72,0.76,0.75,1.0,0.819,1472,1472
information gain,0.652,2.6666666666666665,8,72,0.76,0.75,1.0,0.824,1472,1472
naive,0.281,8.666666666666666,16,64,0.76,0.938,1.0,0.811,1472,1472
information gain,1.265,3.3333333333333335,16,64,0.76,0.875,1.0,0.82,1472,1472
naive,0.271,7.333333333333333,24,56,0.76,1.0,1.0,0.834,1472,1472
information gain,1.096,4.222222222222222,24,56,0.76,1.0,1.0,0.852,1472,1472
naive,0.757,15.555555555555555,32,48,0.76,0.938,1.0,0.803,1472,1472
information gain,2.208,6.0,32,48,0.76,0.906,0.896,0.795,1472,1472
naive,0.308,12.222222222222221,40,40,0.76,0.95,1.0,0.867,1472,1472
information gain,1.527,4.444444444444445,40,40,0.76,0.875,1.0,0.813,1472,1472
naive,0.334,15.11111111111111,48,32,0.76,0.958,1.0,0.876,1472,1472
information gain,2.206,5.333333333333333,48,32,0.76,0.417,0.938,0.812,1472,1472
naive,0.35,15.555555555555555,56,24,0.76,0.804,1.0,0.853,1472,1472
information gain,1.565,4.222222222222222,56,24,0.76,0.786,0.917,0.747,1472,1472
naive,0.365,16.0,64,16,0.76,0.844,1.0,0.825,1472,1472
information gain,2.512,3.7777777777777777,64,16,0.76,0.938,0.75,0.319,1472,1472
naive,0.561,13.555555555555555,72,8,0.76,0.917,1.0,0.785,1472,1472
information gain,0.933,1.7777777777777777,72,8,0.76,1.0,0.5,0.347,1472,1472
naive,0.274,6.0,80,0,0.76,1.0,1,0.28,1472,1472
information gain,0.346,0.6666666666666666,80,0,0.76,0.9,1,0.251,1472,1472
naive,0.459,7.555555555555555,0,160,0.76,1,1.0,0.784,1472,1472
information gain,1.646,1.1111111111111112,0,160,0.76,1,0.863,0.74,1472,1472
naive,0.446,6.0,16,144,0.76,1.0,1.0,0.861,1472,1472
information gain,2.61,3.5555555555555554,16,144,0.76,1.0,0.924,0.785,1472,1472
naive,0.772,13.777777777777779,32,128,0.76,1.0,1.0,0.843,1472,1472
information gain,3.057,6.0,32,128,0.76,1.0,1.0,0.872,1472,1472
naive,0.612,16.444444444444443,48,112,0.76,1.0,1.0,0.844,1472,1472
information gain,3.528,6.666666666666667,48,112,0.76,1.0,1.0,0.868,1472,1472
naive,0.755,22.666666666666668,64,96,0.76,0.953,1.0,0.871,1472,1472
information gain,6.927,7.777777777777778,64,96,0.76,0.953,1.0,0.841,1472,1472
naive,0.728,20.22222222222222,80,80,0.76,0.838,1.0,0.853,1472,1472
information gain,7.34,7.111111111111111,80,80,0.76,0.963,1.0,0.876,1472,1472
naive,0.827,27.11111111111111,96,64,0.76,0.958,1.0,0.861,1472,1472
information gain,5.475,9.11111111111111,96,64,0.76,0.833,1.0,0.842,1472,1472
naive,0.806,24.444444444444443,112,48,0.76,0.839,1.0,0.856,1472,1472
information gain,4.325,8.222222222222221,112,48,0.76,0.821,0.979,0.831,1472,1472
naive,0.916,30.0,128,32,0.76,0.969,1.0,0.868,1472,1472
information gain,14.144,7.555555555555555,128,32,0.76,0.82,0.156,0.27,1472,1472
naive,0.712,16.444444444444443,144,16,0.76,0.868,1.0,0.81,1472,1472
information gain,5.614,2.888888888888889,144,16,0.76,0.799,0.375,0.288,1472,1472
naive,0.625,8.88888888888889,160,0,0.76,0.738,1,0.821,1472,1472
information gain,2.336,1.1111111111111112,160,0,0.76,0.919,1,0.289,1472,1472
naive,0.605,3.3333333333333335,0,240,0.76,1,0.942,0.741,1472,1472
information gain,3.096,0.8888888888888888,0,240,0.76,1,0.942,0.738,1472,1472
naive,0.849,14.444444444444445,24,216,0.76,0.958,1.0,0.842,1472,1472
information gain,4.653,4.222222222222222,24,216,0.76,0.958,0.866,0.798,1472,1472
naive,1.218,19.333333333333332,48,192,0.76,0.938,1.0,0.857,1472,1472
information gain,7.114,7.555555555555555,48,192,0.76,0.938,1.0,0.889,1472,1472
naive,1.188,30.666666666666668,72,168,0.76,0.986,1.0,0.874,1472,1472
information gain,7.339,8.666666666666666,72,168,0.76,0.875,1.0,0.885,1472,1472
naive,1.261,34.0,96,144,0.76,0.948,1.0,0.88,1472,1472
information gain,8.831,10.88888888888889,96,144,0.76,0.823,1.0,0.879,1472,1472
naive,1.259,31.333333333333332,120,120,0.76,0.842,1.0,0.857,1472,1472
information gain,12.338,11.11111111111111,120,120,0.76,0.95,1.0,0.883,1472,1472
naive,1.265,33.333333333333336,144,96,0.76,0.944,1.0,0.888,1472,1472
information gain,9.512,11.777777777777779,144,96,0.76,0.965,1.0,0.893,1472,1472
naive,1.964,35.333333333333336,168,72,0.76,0.875,1.0,0.865,1472,1472
information gain,11.167,10.88888888888889,168,72,0.76,0.857,1.0,0.81,1472,1472
naive,1.329,31.77777777777778,192,48,0.76,0.833,1.0,0.865,1472,1472
information gain,17.9,8.222222222222221,192,48,0.76,0.839,1.0,0.745,1472,1472
naive,1.597,29.555555555555557,216,24,0.76,0.843,1.0,0.838,1472,1472
information gain,18.552,4.666666666666667,216,24,0.76,0.981,0.333,0.332,1472,1472
naive,1.238,24.22222222222222,240,0,0.76,0.863,1,0.649,1472,1472
information gain,9.042,2.2222222222222223,240,0,0.76,0.921,1,0.289,1472,1472
