strat,runtime,avg_tree_size_increase,num_complaints,confirmation_cnt,global_accuracy,fix_rate,confirm_preserve_rate,new_global_accuracy,prev_signaled_cnt,new_signaled_cnt
naive,0.04,0.4444444444444444,5,5,0.76,0.6,1.0,0.804,1472,1472
information gain,0.042,0.2222222222222222,5,5,0.76,0.6,1.0,0.804,1472,1472
naive,0.064,2.888888888888889,10,10,0.76,0.7,1.0,0.728,1472,1472
information gain,0.099,1.1111111111111112,10,10,0.76,0.7,1.0,0.79,1472,1472
naive,0.153,6.222222222222222,20,20,0.76,1.0,1.0,0.801,1472,1472
information gain,0.327,2.4444444444444446,20,20,0.76,0.9,1.0,0.797,1472,1472
naive,0.261,7.333333333333333,40,40,0.76,0.825,1.0,0.835,1472,1472
information gain,1.236,4.444444444444445,40,40,0.76,0.825,1.0,0.847,1472,1472
naive,1.452,43.333333333333336,120,120,0.76,0.992,1.0,0.805,1472,1472
information gain,12.286,14.666666666666666,120,120,0.76,0.883,1.0,0.84,1472,1472
