strat,runtime,avg_tree_size_increase,num_complaints,confirmation_cnt,global_accuracy,fix_rate,confirm_preserve_rate,new_global_accuracy,prev_signaled_cnt,new_signaled_cnt
naive,0.032,0.0,0,10,0.76,1,1.0,0.737,1472,1472
information gain,0.023,0.0,0,10,0.76,1,1.0,0.737,1472,1472
naive,0.029,0.2222222222222222,1,9,0.76,1.0,1.0,0.761,1472,1472
information gain,0.033,0.2222222222222222,1,9,0.76,1.0,1.0,0.761,1472,1472
naive,0.031,0.6666666666666666,2,8,0.76,0.5,1.0,0.77,1472,1472
information gain,0.034,0.4444444444444444,2,8,0.76,0.5,0.875,0.728,1472,1472
naive,0.029,1.1111111111111112,3,7,0.76,0.0,0.857,0.704,1472,1472
information gain,0.036,0.6666666666666666,3,7,0.76,0.0,0.857,0.704,1472,1472
naive,0.045,1.5555555555555556,4,6,0.76,0.75,1.0,0.77,1472,1472
information gain,0.051,0.8888888888888888,4,6,0.76,0.75,0.833,0.722,1472,1472
naive,0.051,1.5555555555555556,5,5,0.76,0.8,1.0,0.728,1472,1472
information gain,0.074,0.8888888888888888,5,5,0.76,0.8,0.8,0.779,1472,1472
naive,0.056,2.4444444444444446,6,4,0.76,1.0,1.0,0.772,1472,1472
information gain,0.092,1.1111111111111112,6,4,0.76,0.833,1.0,0.748,1472,1472
naive,0.044,0.4444444444444444,7,3,0.76,0.714,0.0,0.251,1472,1472
information gain,0.056,0.2222222222222222,7,3,0.76,0.714,0.333,0.289,1472,1472
naive,0.033,0.6666666666666666,8,2,0.76,0.625,0.0,0.25,1472,1472
information gain,0.033,0.2222222222222222,8,2,0.76,0.625,0.0,0.289,1472,1472
naive,0.037,0.0,9,1,0.76,1.0,0.0,0.269,1472,1472
information gain,0.043,0.0,9,1,0.76,1.0,0.0,0.269,1472,1472
naive,0.049,0.0,10,0,0.76,1.0,1,0.269,1472,1472
information gain,0.05,0.0,10,0,0.76,1.0,1,0.269,1472,1472
naive,0.07,0.6666666666666666,0,20,0.76,1,1.0,0.762,1472,1472
information gain,0.092,0.6666666666666666,0,20,0.76,1,1.0,0.762,1472,1472
naive,0.081,1.5555555555555556,2,18,0.76,0.5,1.0,0.73,1472,1472
information gain,0.079,0.8888888888888888,2,18,0.76,0.5,1.0,0.726,1472,1472
naive,0.083,2.2222222222222223,4,16,0.76,0.75,0.938,0.743,1472,1472
information gain,0.097,1.1111111111111112,4,16,0.76,0.75,1.0,0.768,1472,1472
naive,0.096,2.4444444444444446,6,14,0.76,0.833,1.0,0.708,1472,1472
information gain,0.189,1.5555555555555556,6,14,0.76,0.833,1.0,0.702,1472,1472
naive,0.074,4.0,8,12,0.76,0.625,1.0,0.654,1472,1472
information gain,0.129,1.7777777777777777,8,12,0.76,0.5,1.0,0.782,1472,1472
naive,0.084,3.111111111111111,10,10,0.76,0.7,0.9,0.736,1472,1472
information gain,0.142,1.1111111111111112,10,10,0.76,0.7,1.0,0.775,1472,1472
naive,0.079,3.111111111111111,12,8,0.76,0.917,1.0,0.732,1472,1472
information gain,0.12,1.5555555555555556,12,8,0.76,0.917,0.125,0.311,1472,1472
naive,0.089,4.0,14,6,0.76,0.929,1.0,0.802,1472,1472
information gain,0.185,1.5555555555555556,14,6,0.76,0.786,1.0,0.8,1472,1472
naive,0.079,1.3333333333333333,16,4,0.76,0.812,0.75,0.438,1472,1472
information gain,0.074,0.4444444444444444,16,4,0.76,1.0,0.25,0.306,1472,1472
naive,0.086,1.1111111111111112,18,2,0.76,1.0,0.0,0.293,1472,1472
information gain,0.082,0.4444444444444444,18,2,0.76,1.0,0.5,0.27,1472,1472
naive,0.116,0.6666666666666666,20,0,0.76,1.0,1,0.293,1472,1472
information gain,0.085,0.2222222222222222,20,0,0.76,1.0,1,0.27,1472,1472
naive,0.111,2.6666666666666665,0,40,0.76,1,0.85,0.715,1472,1472
information gain,0.136,0.6666666666666666,0,40,0.76,1,0.85,0.741,1472,1472
naive,0.115,2.4444444444444446,4,36,0.76,1.0,0.889,0.736,1472,1472
information gain,0.322,1.3333333333333333,4,36,0.76,1.0,0.889,0.745,1472,1472
naive,0.134,6.0,8,32,0.76,1.0,0.812,0.73,1472,1472
information gain,0.259,2.2222222222222223,8,32,0.76,0.625,0.812,0.729,1472,1472
naive,0.137,6.0,12,28,0.76,0.75,1.0,0.781,1472,1472
information gain,0.319,2.6666666666666665,12,28,0.76,0.75,0.857,0.752,1472,1472
naive,0.154,7.111111111111111,16,24,0.76,0.938,1.0,0.798,1472,1472
information gain,0.393,2.888888888888889,16,24,0.76,0.812,1.0,0.828,1472,1472
naive,0.142,6.444444444444445,20,20,0.76,0.9,0.85,0.695,1472,1472
information gain,0.424,2.888888888888889,20,20,0.76,0.8,0.9,0.743,1472,1472
naive,0.149,6.888888888888889,24,16,0.76,0.708,0.812,0.752,1472,1472
information gain,0.39,2.0,24,16,0.76,0.958,0.062,0.3,1472,1472
naive,0.164,6.888888888888889,28,12,0.76,0.964,1.0,0.771,1472,1472
information gain,0.349,1.7777777777777777,28,12,0.76,0.393,0.917,0.74,1472,1472
naive,0.163,5.111111111111111,32,8,0.76,1.0,1.0,0.74,1472,1472
information gain,0.471,1.7777777777777777,32,8,0.76,0.875,0.25,0.312,1472,1472
naive,0.17,5.777777777777778,36,4,0.76,0.75,1.0,0.759,1472,1472
information gain,0.33,0.4444444444444444,36,4,0.76,1.0,0.5,0.27,1472,1472
naive,0.127,0.0,40,0,0.76,1.0,1,0.269,1472,1472
information gain,0.137,0.0,40,0,0.76,1.0,1,0.269,1472,1472
naive,0.539,2.0,0,80,0.76,1,0.85,0.72,1472,1472
information gain,0.402,0.8888888888888888,0,80,0.76,1,0.85,0.728,1472,1472
naive,0.255,6.666666666666667,8,72,0.76,1.0,0.875,0.78,1472,1472
information gain,0.679,2.6666666666666665,8,72,0.76,0.625,0.875,0.762,1472,1472
naive,0.273,8.666666666666666,16,64,0.76,0.875,1.0,0.827,1472,1472
information gain,0.84,3.5555555555555554,16,64,0.76,0.812,0.906,0.738,1472,1472
naive,0.28,8.0,24,56,0.76,0.75,0.946,0.716,1472,1472
information gain,0.828,3.7777777777777777,24,56,0.76,0.75,0.946,0.751,1472,1472
naive,0.32,11.555555555555555,32,48,0.76,1.0,1.0,0.821,1472,1472
information gain,1.093,4.888888888888889,32,48,0.76,0.969,1.0,0.827,1472,1472
naive,0.302,9.777777777777779,40,40,0.76,1.0,1.0,0.81,1472,1472
information gain,1.793,3.111111111111111,40,40,0.76,0.875,0.95,0.751,1472,1472
naive,0.407,17.555555555555557,48,32,0.76,1.0,1.0,0.785,1472,1472
information gain,2.013,5.111111111111111,48,32,0.76,0.896,1.0,0.78,1472,1472
naive,0.41,17.555555555555557,56,24,0.76,0.857,1.0,0.76,1472,1472
information gain,2.938,4.666666666666667,56,24,0.76,0.821,0.792,0.698,1472,1472
naive,0.393,14.444444444444445,64,16,0.76,0.844,0.938,0.548,1472,1472
information gain,2.811,4.222222222222222,64,16,0.76,1.0,0.125,0.308,1472,1472
naive,0.346,12.666666666666666,72,8,0.76,0.958,1.0,0.816,1472,1472
information gain,2.142,4.666666666666667,72,8,0.76,0.944,0.875,0.639,1472,1472
naive,0.274,0.6666666666666666,80,0,0.76,0.925,1,0.297,1472,1472
information gain,0.315,0.4444444444444444,80,0,0.76,0.925,1,0.295,1472,1472
naive,0.45,3.7777777777777777,0,160,0.76,1,0.844,0.75,1472,1472
information gain,1.277,0.8888888888888888,0,160,0.76,1,0.844,0.728,1472,1472
naive,0.625,15.777777777777779,16,144,0.76,1.0,1.0,0.834,1472,1472
information gain,2.199,4.222222222222222,16,144,0.76,1.0,0.903,0.76,1472,1472
naive,0.689,16.0,32,128,0.76,1.0,1.0,0.791,1472,1472
information gain,4.392,5.555555555555555,32,128,0.76,1.0,1.0,0.855,1472,1472
naive,1.02,19.77777777777778,48,112,0.76,0.979,1.0,0.838,1472,1472
information gain,5.901,6.888888888888889,48,112,0.76,0.979,1.0,0.901,1472,1472
naive,0.87,24.444444444444443,64,96,0.76,0.984,1.0,0.796,1472,1472
information gain,4.673,8.222222222222221,64,96,0.76,0.797,1.0,0.863,1472,1472
naive,1.276,23.333333333333332,80,80,0.76,1.0,1.0,0.837,1472,1472
information gain,4.855,9.333333333333334,80,80,0.76,0.963,1.0,0.863,1472,1472
naive,1.276,26.0,96,64,0.76,0.948,1.0,0.834,1472,1472
information gain,4.526,8.0,96,64,0.76,0.802,0.906,0.73,1472,1472
naive,0.949,24.444444444444443,112,48,0.76,0.982,1.0,0.828,1472,1472
information gain,4.795,7.555555555555555,112,48,0.76,0.857,1.0,0.807,1472,1472
naive,1.215,34.888888888888886,128,32,0.76,0.961,1.0,0.861,1472,1472
information gain,8.718,7.555555555555555,128,32,0.76,0.781,1.0,0.79,1472,1472
naive,1.375,25.11111111111111,144,16,0.76,0.875,1.0,0.786,1472,1472
information gain,14.009,5.111111111111111,144,16,0.76,0.979,0.375,0.317,1472,1472
naive,1.23,14.666666666666666,160,0,0.76,0.863,1,0.613,1472,1472
information gain,3.604,1.5555555555555556,160,0,0.76,1.0,1,0.312,1472,1472
naive,0.76,8.666666666666666,0,240,0.76,1,0.9,0.737,1472,1472
information gain,2.622,1.1111111111111112,0,240,0.76,1,0.9,0.726,1472,1472
naive,1.272,16.0,24,216,0.76,1.0,1.0,0.823,1472,1472
information gain,4.998,5.111111111111111,24,216,0.76,1.0,0.921,0.761,1472,1472
naive,1.4,26.444444444444443,48,192,0.76,0.979,1.0,0.833,1472,1472
information gain,8.361,8.88888888888889,48,192,0.76,0.979,1.0,0.905,1472,1472
naive,1.516,31.77777777777778,72,168,0.76,0.958,1.0,0.844,1472,1472
information gain,7.001,7.555555555555555,72,168,0.76,0.958,1.0,0.893,1472,1472
naive,1.687,33.77777777777778,96,144,0.76,0.948,1.0,0.838,1472,1472
information gain,12.526,9.333333333333334,96,144,0.76,0.833,1.0,0.872,1472,1472
naive,2.617,42.888888888888886,120,120,0.76,0.85,1.0,0.824,1472,1472
information gain,11.399,11.333333333333334,120,120,0.76,0.817,1.0,0.876,1472,1472
naive,1.932,40.44444444444444,144,96,0.76,0.972,1.0,0.852,1472,1472
information gain,10.879,12.222222222222221,144,96,0.76,0.938,1.0,0.868,1472,1472
naive,2.271,40.44444444444444,168,72,0.76,0.994,1.0,0.848,1472,1472
information gain,14.293,11.777777777777779,168,72,0.76,0.845,0.986,0.836,1472,1472
naive,2.224,32.22222222222222,192,48,0.76,0.932,1.0,0.852,1472,1472
information gain,18.327,9.777777777777779,192,48,0.76,0.849,1.0,0.791,1472,1472
naive,2.291,36.44444444444444,216,24,0.76,0.88,1.0,0.77,1472,1472
information gain,23.36,6.444444444444445,216,24,0.76,0.787,0.25,0.317,1472,1472
naive,2.182,23.11111111111111,240,0,0.76,0.871,1,0.604,1472,1472
information gain,10.097,2.2222222222222223,240,0,0.76,0.983,1,0.299,1472,1472
