strat,runtime,avg_tree_size_increase,num_complaints,confirmation_cnt,global_accuracy,fix_rate,confirm_preserve_rate,new_global_accuracy,prev_signaled_cnt,new_signaled_cnt
naive,0.04,1.1111111111111112,5,5,0.76,1.0,1.0,0.691,1472,1472
information gain,0.06,0.6666666666666666,5,5,0.76,1.0,1.0,0.747,1472,1472
naive,0.067,3.3333333333333335,10,10,0.76,1.0,1.0,0.778,1472,1472
information gain,0.119,1.5555555555555556,10,10,0.76,0.9,0.9,0.755,1472,1472
naive,0.164,9.555555555555555,20,20,0.76,0.95,1.0,0.751,1472,1472
information gain,0.55,2.6666666666666665,20,20,0.76,0.75,0.9,0.766,1472,1472
naive,0.535,17.11111111111111,40,40,0.76,1.0,1.0,0.783,1472,1472
information gain,1.22,5.777777777777778,40,40,0.76,0.925,0.975,0.823,1472,1472
naive,1.332,37.55555555555556,120,120,0.76,0.867,1.0,0.801,1472,1472
information gain,10.552,12.88888888888889,120,120,0.76,0.867,1.0,0.889,1472,1472
