strat,runtime,avg_tree_size_increase,num_complaints,confirmation_cnt,global_accuracy,fix_rate,confirm_preserve_rate,new_global_accuracy,prev_signaled_cnt,new_signaled_cnt
naive,0.05,2.0,5,5,0.76,1.0,1.0,0.77,1472,1472
information gain,0.069,1.1111111111111112,5,5,0.76,0.8,1.0,0.782,1472,1472
naive,0.07,2.4444444444444446,10,10,0.76,1.0,1.0,0.734,1472,1472
information gain,0.123,1.5555555555555556,10,10,0.76,1.0,1.0,0.768,1472,1472
naive,0.131,5.555555555555555,20,20,0.76,0.9,0.95,0.756,1472,1472
information gain,0.298,2.888888888888889,20,20,0.76,0.9,1.0,0.851,1472,1472
naive,0.318,8.88888888888889,40,40,0.76,0.975,1.0,0.837,1472,1472
information gain,1.267,4.444444444444445,40,40,0.76,0.975,1.0,0.8,1472,1472
naive,1.378,37.333333333333336,120,120,0.76,1.0,1.0,0.838,1472,1472
information gain,11.28,11.555555555555555,120,120,0.76,0.983,1.0,0.911,1472,1472
