strat,runtime,avg_tree_size_increase,num_complaints,confirmation_cnt,global_accuracy,fix_rate,confirm_preserve_rate,new_global_accuracy,prev_signaled_cnt,new_signaled_cnt
naive,0.039,1.1111111111111112,5,5,0.76,1.0,1.0,0.736,1472,1472
information gain,0.052,0.4444444444444444,5,5,0.76,1.0,1.0,0.78,1472,1472
naive,0.084,3.7777777777777777,10,10,0.76,0.9,1.0,0.752,1472,1472
information gain,0.164,2.0,10,10,0.76,0.6,1.0,0.782,1472,1472
naive,0.147,7.111111111111111,20,20,0.76,1.0,1.0,0.847,1472,1472
information gain,0.899,3.3333333333333335,20,20,0.76,0.9,1.0,0.716,1472,1472
naive,0.263,10.444444444444445,40,40,0.76,1.0,1.0,0.8,1472,1472
information gain,1.3,4.444444444444445,40,40,0.76,0.75,0.975,0.827,1472,1472
naive,1.288,33.55555555555556,120,120,0.76,0.85,1.0,0.819,1472,1472
information gain,11.725,11.333333333333334,120,120,0.76,0.85,1.0,0.875,1472,1472
