strat,runtime,avg_tree_size_increase,num_complaints,confirmation_cnt,global_accuracy,fix_rate,confirm_preserve_rate,new_global_accuracy,prev_signaled_cnt,new_signaled_cnt
naive,0.036,0.4444444444444444,5,5,0.76,0.4,1.0,0.727,1472,1472
information gain,0.04,0.2222222222222222,5,5,0.76,1.0,0.0,0.268,1472,1472
naive,0.07,3.111111111111111,10,10,0.76,1.0,1.0,0.717,1472,1472
information gain,0.118,1.3333333333333333,10,10,0.76,0.5,1.0,0.685,1472,1472
naive,0.132,7.111111111111111,20,20,0.76,1.0,1.0,0.77,1472,1472
information gain,0.317,2.6666666666666665,20,20,0.76,0.85,1.0,0.84,1472,1472
naive,0.319,12.0,40,40,0.76,0.975,1.0,0.831,1472,1472
information gain,1.523,4.666666666666667,40,40,0.76,0.875,1.0,0.833,1472,1472
naive,1.324,36.0,120,120,0.76,0.858,1.0,0.811,1472,1472
information gain,10.395,10.666666666666666,120,120,0.76,0.825,1.0,0.888,1472,1472
