strat,runtime,avg_tree_size_increase,num_complaints,confirmation_cnt,global_accuracy,fix_rate,confirm_preserve_rate,new_global_accuracy,prev_signaled_cnt,new_signaled_cnt
naive,0.021,0.2222222222222222,0,10,0.76,1,0.8,0.716,1472,1472
information gain,0.027,0.2222222222222222,0,10,0.76,1,0.8,0.716,1472,1472
naive,0.04,0.4444444444444444,1,9,0.76,1.0,1.0,0.789,1472,1472
information gain,0.038,0.4444444444444444,1,9,0.76,1.0,1.0,0.787,1472,1472
naive,0.031,0.4444444444444444,2,8,0.76,1.0,1.0,0.738,1472,1472
information gain,0.038,0.4444444444444444,2,8,0.76,0.0,1.0,0.755,1472,1472
naive,0.04,1.1111111111111112,3,7,0.76,1.0,1.0,0.736,1472,1472
information gain,0.048,0.6666666666666666,3,7,0.76,1.0,1.0,0.761,1472,1472
naive,0.036,0.4444444444444444,4,6,0.76,0.25,1.0,0.762,1472,1472
information gain,0.039,0.4444444444444444,4,6,0.76,0.25,1.0,0.762,1472,1472
naive,0.038,2.2222222222222223,5,5,0.76,1.0,1.0,0.744,1472,1472
information gain,0.052,1.1111111111111112,5,5,0.76,1.0,0.4,0.243,1472,1472
naive,0.038,1.7777777777777777,6,4,0.76,0.667,1.0,0.728,1472,1472
information gain,0.066,0.6666666666666666,6,4,0.76,0.833,1.0,0.806,1472,1472
naive,0.044,0.2222222222222222,7,3,0.76,0.857,0.0,0.316,1472,1472
information gain,0.044,0.2222222222222222,7,3,0.76,0.857,0.0,0.316,1472,1472
naive,0.034,1.3333333333333333,8,2,0.76,0.625,1.0,0.741,1472,1472
information gain,0.061,0.4444444444444444,8,2,0.76,0.75,1.0,0.789,1472,1472
naive,0.033,0.2222222222222222,9,1,0.76,0.778,0.0,0.4,1472,1472
information gain,0.038,0.2222222222222222,9,1,0.76,0.778,0.0,0.4,1472,1472
naive,0.039,0.0,10,0,0.76,1.0,1,0.305,1472,1472
information gain,0.052,0.0,10,0,0.76,1.0,1,0.305,1472,1472
naive,0.068,1.1111111111111112,0,20,0.76,1,1.0,0.74,1472,1472
information gain,0.069,0.4444444444444444,0,20,0.76,1,1.0,0.741,1472,1472
naive,0.045,1.5555555555555556,2,18,0.76,1.0,1.0,0.81,1472,1472
information gain,0.074,1.1111111111111112,2,18,0.76,0.5,0.889,0.73,1472,1472
naive,0.05,2.0,4,16,0.76,0.5,1.0,0.783,1472,1472
information gain,0.067,1.1111111111111112,4,16,0.76,0.75,1.0,0.791,1472,1472
naive,0.062,1.3333333333333333,6,14,0.76,0.833,0.786,0.736,1472,1472
information gain,0.08,1.1111111111111112,6,14,0.76,0.833,0.786,0.738,1472,1472
naive,0.07,3.5555555555555554,8,12,0.76,0.875,1.0,0.777,1472,1472
information gain,0.105,1.3333333333333333,8,12,0.76,0.875,1.0,0.751,1472,1472
naive,0.066,3.5555555555555554,10,10,0.76,0.8,1.0,0.764,1472,1472
information gain,0.089,1.7777777777777777,10,10,0.76,0.9,1.0,0.728,1472,1472
naive,0.077,1.3333333333333333,12,8,0.76,0.583,1.0,0.823,1472,1472
information gain,0.092,0.4444444444444444,12,8,0.76,0.917,0.125,0.266,1472,1472
naive,0.082,4.0,14,6,0.76,0.929,1.0,0.726,1472,1472
information gain,0.15,1.5555555555555556,14,6,0.76,0.286,1.0,0.774,1472,1472
naive,0.068,1.5555555555555556,16,4,0.76,0.875,0.0,0.302,1472,1472
information gain,0.059,0.4444444444444444,16,4,0.76,0.938,0.25,0.273,1472,1472
naive,0.062,1.3333333333333333,18,2,0.76,0.556,1.0,0.829,1472,1472
information gain,0.078,0.4444444444444444,18,2,0.76,1.0,1.0,0.27,1472,1472
naive,0.074,0.0,20,0,0.76,1.0,1,0.269,1472,1472
information gain,0.068,0.0,20,0,0.76,1.0,1,0.269,1472,1472
naive,0.101,1.1111111111111112,0,40,0.76,1,0.9,0.726,1472,1472
information gain,0.18,0.4444444444444444,0,40,0.76,1,0.9,0.726,1472,1472
naive,0.126,2.0,4,36,0.76,0.75,0.861,0.738,1472,1472
information gain,0.244,1.1111111111111112,4,36,0.76,0.75,0.861,0.747,1472,1472
naive,0.141,5.555555555555555,8,32,0.76,0.625,1.0,0.813,1472,1472
information gain,0.256,1.5555555555555556,8,32,0.76,0.625,0.844,0.728,1472,1472
naive,0.14,4.888888888888889,12,28,0.76,1.0,1.0,0.759,1472,1472
information gain,0.315,2.6666666666666665,12,28,0.76,0.833,1.0,0.821,1472,1472
naive,0.22,7.333333333333333,16,24,0.76,1.0,1.0,0.812,1472,1472
information gain,0.496,2.888888888888889,16,24,0.76,0.312,0.875,0.742,1472,1472
naive,0.142,6.888888888888889,20,20,0.76,1.0,1.0,0.821,1472,1472
information gain,0.451,2.4444444444444446,20,20,0.76,0.9,0.35,0.286,1472,1472
naive,0.134,6.0,24,16,0.76,1.0,1.0,0.836,1472,1472
information gain,0.431,2.6666666666666665,24,16,0.76,0.792,0.938,0.736,1472,1472
naive,0.154,7.333333333333333,28,12,0.76,0.893,1.0,0.746,1472,1472
information gain,0.494,2.6666666666666665,28,12,0.76,0.893,1.0,0.74,1472,1472
naive,0.176,9.11111111111111,32,8,0.76,0.906,1.0,0.846,1472,1472
information gain,0.406,2.0,32,8,0.76,1.0,0.625,0.323,1472,1472
naive,0.143,1.5555555555555556,36,4,0.76,0.917,0.25,0.261,1472,1472
information gain,0.166,0.4444444444444444,36,4,0.76,0.944,0.25,0.272,1472,1472
naive,0.125,1.5555555555555556,40,0,0.76,1.0,1,0.263,1472,1472
information gain,0.175,0.2222222222222222,40,0,0.76,0.975,1,0.268,1472,1472
naive,0.185,2.4444444444444446,0,80,0.76,1,0.95,0.741,1472,1472
information gain,0.36,0.8888888888888888,0,80,0.76,1,0.95,0.728,1472,1472
naive,0.28,7.333333333333333,8,72,0.76,1.0,0.917,0.766,1472,1472
information gain,1.431,2.888888888888889,8,72,0.76,0.875,0.917,0.755,1472,1472
naive,0.232,6.888888888888889,16,64,0.76,1.0,0.953,0.739,1472,1472
information gain,1.147,4.0,16,64,0.76,1.0,0.953,0.764,1472,1472
naive,0.37,9.11111111111111,24,56,0.76,0.917,1.0,0.848,1472,1472
information gain,1.669,4.0,24,56,0.76,0.917,1.0,0.88,1472,1472
naive,0.295,11.11111111111111,32,48,0.76,1.0,1.0,0.847,1472,1472
information gain,1.237,4.0,32,48,0.76,1.0,1.0,0.877,1472,1472
naive,0.305,9.555555555555555,40,40,0.76,0.925,1.0,0.836,1472,1472
information gain,1.382,4.666666666666667,40,40,0.76,0.95,1.0,0.842,1472,1472
naive,0.34,15.11111111111111,48,32,0.76,0.833,1.0,0.857,1472,1472
information gain,1.516,4.222222222222222,48,32,0.76,0.979,0.906,0.696,1472,1472
naive,0.313,12.222222222222221,56,24,0.76,0.982,1.0,0.829,1472,1472
information gain,1.859,4.666666666666667,56,24,0.76,0.411,0.958,0.747,1472,1472
naive,0.399,16.88888888888889,64,16,0.76,0.938,1.0,0.821,1472,1472
information gain,2.881,3.111111111111111,64,16,0.76,0.922,0.375,0.295,1472,1472
naive,0.362,18.666666666666668,72,8,0.76,0.778,1.0,0.851,1472,1472
information gain,0.844,2.888888888888889,72,8,0.76,0.639,0.875,0.711,1472,1472
naive,0.283,3.111111111111111,80,0,0.76,0.938,1,0.254,1472,1472
information gain,0.345,0.4444444444444444,80,0,0.76,0.938,1,0.286,1472,1472
naive,0.391,3.3333333333333335,0,160,0.76,1,0.906,0.731,1472,1472
information gain,1.157,1.1111111111111112,0,160,0.76,1,0.906,0.726,1472,1472
naive,0.692,9.11111111111111,16,144,0.76,1.0,0.875,0.811,1472,1472
information gain,1.763,3.3333333333333335,16,144,0.76,0.812,0.875,0.793,1472,1472
naive,0.516,12.0,32,128,0.76,0.969,0.922,0.802,1472,1472
information gain,3.165,6.0,32,128,0.76,0.969,1.0,0.873,1472,1472
naive,0.899,21.555555555555557,48,112,0.76,1.0,1.0,0.832,1472,1472
information gain,3.353,5.333333333333333,48,112,0.76,0.917,1.0,0.874,1472,1472
naive,0.684,21.555555555555557,64,96,0.76,0.844,1.0,0.844,1472,1472
information gain,3.837,8.222222222222221,64,96,0.76,0.984,1.0,0.853,1472,1472
naive,1.017,26.22222222222222,80,80,0.76,0.925,1.0,0.862,1472,1472
information gain,4.743,9.333333333333334,80,80,0.76,0.875,1.0,0.862,1472,1472
naive,0.811,27.11111111111111,96,64,0.76,0.865,1.0,0.826,1472,1472
information gain,5.571,7.333333333333333,96,64,0.76,0.854,1.0,0.825,1472,1472
naive,0.699,18.444444444444443,112,48,0.76,0.848,1.0,0.849,1472,1472
information gain,9.291,8.88888888888889,112,48,0.76,0.866,1.0,0.806,1472,1472
naive,0.829,25.555555555555557,128,32,0.76,0.82,1.0,0.851,1472,1472
information gain,7.102,4.888888888888889,128,32,0.76,0.742,0.969,0.789,1472,1472
naive,0.898,28.0,144,16,0.76,0.854,1.0,0.812,1472,1472
information gain,8.465,4.444444444444445,144,16,0.76,0.986,0.25,0.283,1472,1472
naive,0.735,16.22222222222222,160,0,0.76,0.988,1,0.281,1472,1472
information gain,2.63,1.7777777777777777,160,0,0.76,0.963,1,0.294,1472,1472
naive,0.826,2.4444444444444446,0,240,0.76,1,0.933,0.726,1472,1472
information gain,2.08,0.8888888888888888,0,240,0.76,1,0.933,0.726,1472,1472
naive,0.815,14.0,24,216,0.76,0.958,1.0,0.86,1472,1472
information gain,4.326,4.666666666666667,24,216,0.76,0.917,1.0,0.861,1472,1472
naive,1.296,22.88888888888889,48,192,0.76,0.958,1.0,0.845,1472,1472
information gain,6.95,6.666666666666667,48,192,0.76,0.958,1.0,0.891,1472,1472
naive,1.22,32.44444444444444,72,168,0.76,0.944,1.0,0.826,1472,1472
information gain,8.177,9.333333333333334,72,168,0.76,0.944,1.0,0.888,1472,1472
naive,1.158,27.77777777777778,96,144,0.76,0.938,1.0,0.879,1472,1472
information gain,11.908,9.333333333333334,96,144,0.76,0.906,1.0,0.87,1472,1472
naive,1.342,36.22222222222222,120,120,0.76,0.842,1.0,0.847,1472,1472
information gain,11.805,12.0,120,120,0.76,0.967,1.0,0.882,1472,1472
naive,1.303,32.0,144,96,0.76,0.979,1.0,0.914,1472,1472
information gain,11.956,11.11111111111111,144,96,0.76,0.972,1.0,0.901,1472,1472
naive,1.451,37.77777777777778,168,72,0.76,0.869,1.0,0.891,1472,1472
information gain,43.047,13.333333333333334,168,72,0.76,0.863,1.0,0.832,1472,1472
naive,1.566,44.22222222222222,192,48,0.76,0.859,1.0,0.798,1472,1472
information gain,18.016,10.0,192,48,0.76,0.698,1.0,0.863,1472,1472
naive,1.656,30.88888888888889,216,24,0.76,0.852,1.0,0.851,1472,1472
information gain,14.78,6.222222222222222,216,24,0.76,0.972,0.25,0.32,1472,1472
naive,1.088,16.22222222222222,240,0,0.76,0.779,1,0.829,1472,1472
information gain,8.856,2.0,240,0,0.76,0.992,1,0.313,1472,1472
