strat,runtime,avg_tree_size_increase,num_complaints,confirmation_cnt,global_accuracy,fix_rate,confirm_preserve_rate,new_global_accuracy,prev_signaled_cnt,new_signaled_cnt
naive,0.044,1.3333333333333333,5,5,0.76,0.8,1.0,0.793,1472,1472
information gain,0.052,0.6666666666666666,5,5,0.76,0.8,1.0,0.739,1472,1472
naive,0.101,3.7777777777777777,10,10,0.76,0.9,0.9,0.745,1472,1472
information gain,0.129,1.3333333333333333,10,10,0.76,0.8,0.9,0.794,1472,1472
naive,0.161,8.0,20,20,0.76,1.0,1.0,0.766,1472,1472
information gain,0.485,2.6666666666666665,20,20,0.76,0.8,0.9,0.8,1472,1472
naive,0.284,9.777777777777779,40,40,0.76,0.85,1.0,0.826,1472,1472
information gain,1.818,4.222222222222222,40,40,0.76,0.85,1.0,0.82,1472,1472
naive,1.747,35.55555555555556,120,120,0.76,0.883,1.0,0.812,1472,1472
information gain,7.91,11.333333333333334,120,120,0.76,0.85,1.0,0.855,1472,1472
