strat,runtime,avg_tree_size_increase,num_complaints,confirmation_cnt,global_accuracy,fix_rate,confirm_preserve_rate,new_global_accuracy,prev_signaled_cnt,new_signaled_cnt
naive,0.033,1.1111111111111112,5,5,0.76,1.0,1.0,0.715,1472,1472
information gain,0.052,0.8888888888888888,5,5,0.76,1.0,1.0,0.766,1472,1472
naive,0.066,3.3333333333333335,10,10,0.76,1.0,0.9,0.745,1472,1472
information gain,0.166,1.7777777777777777,10,10,0.76,1.0,1.0,0.714,1472,1472
naive,0.134,5.111111111111111,20,20,0.76,0.9,0.95,0.719,1472,1472
information gain,0.393,2.2222222222222223,20,20,0.76,0.45,0.9,0.734,1472,1472
naive,0.311,14.444444444444445,40,40,0.76,0.95,1.0,0.781,1472,1472
information gain,2.043,5.777777777777778,40,40,0.76,0.675,1.0,0.724,1472,1472
naive,1.378,39.111111111111114,120,120,0.76,1.0,1.0,0.857,1472,1472
information gain,9.208,9.555555555555555,120,120,0.76,0.817,1.0,0.873,1472,1472
