strat,runtime,avg_tree_size_increase,num_complaints,confirmation_cnt,global_accuracy,fix_rate,confirm_preserve_rate,new_global_accuracy,prev_signaled_cnt,new_signaled_cnt
naive,0.039,2.0,5,5,0.76,1.0,1.0,0.77,1472,1472
information gain,0.065,0.8888888888888888,5,5,0.76,1.0,1.0,0.733,1472,1472
naive,0.062,2.2222222222222223,10,10,0.76,0.9,1.0,0.801,1472,1472
information gain,0.074,1.5555555555555556,10,10,0.76,0.9,1.0,0.776,1472,1472
naive,0.137,6.444444444444445,20,20,0.76,0.95,1.0,0.78,1472,1472
information gain,0.411,2.0,20,20,0.76,0.85,0.95,0.712,1472,1472
naive,0.317,12.444444444444445,40,40,0.76,0.95,1.0,0.806,1472,1472
information gain,1.175,3.7777777777777777,40,40,0.76,0.775,0.9,0.76,1472,1472
naive,1.21,30.0,120,120,0.76,0.858,1.0,0.863,1472,1472
information gain,10.52,11.333333333333334,120,120,0.76,0.992,1.0,0.899,1472,1472
