strat,runtime,avg_tree_size_increase,num_complaints,confirmation_cnt,global_accuracy,fix_rate,confirm_preserve_rate,new_global_accuracy,prev_signaled_cnt,new_signaled_cnt
naive,0.038,1.7777777777777777,5,5,0.76,0.8,1.0,0.789,1472,1472
information gain,0.058,1.1111111111111112,5,5,0.76,0.4,1.0,0.745,1472,1472
naive,0.06,2.6666666666666665,10,10,0.76,0.9,0.9,0.743,1472,1472
information gain,0.086,1.3333333333333333,10,10,0.76,0.9,0.2,0.287,1472,1472
naive,0.12,6.444444444444445,20,20,0.76,0.8,0.9,0.745,1472,1472
information gain,0.286,3.3333333333333335,20,20,0.76,0.65,0.9,0.76,1472,1472
naive,0.285,10.444444444444445,40,40,0.76,1.0,1.0,0.842,1472,1472
information gain,1.81,5.777777777777778,40,40,0.76,0.825,1.0,0.807,1472,1472
naive,1.259,33.77777777777778,120,120,0.76,1.0,1.0,0.821,1472,1472
information gain,13.805,12.222222222222221,120,120,0.76,0.883,1.0,0.876,1472,1472
