strat,runtime,avg_tree_size_increase,num_complaints,confirmation_cnt,global_accuracy,fix_rate,confirm_preserve_rate,new_global_accuracy,prev_signaled_cnt,new_signaled_cnt
naive,0.042,0.4444444444444444,5,5,0.76,1.0,0.0,0.251,1472,1472
information gain,0.057,0.2222222222222222,5,5,0.76,1.0,0.0,0.26,1472,1472
naive,0.081,3.5555555555555554,10,10,0.76,1.0,1.0,0.806,1472,1472
information gain,0.123,1.5555555555555556,10,10,0.76,0.7,1.0,0.733,1472,1472
naive,0.156,5.555555555555555,20,20,0.76,0.8,1.0,0.739,1472,1472
information gain,0.491,2.4444444444444446,20,20,0.76,0.75,1.0,0.787,1472,1472
naive,0.303,8.666666666666666,40,40,0.76,0.825,1.0,0.81,1472,1472
information gain,1.181,3.5555555555555554,40,40,0.76,0.825,0.95,0.789,1472,1472
naive,1.232,31.555555555555557,120,120,0.76,0.858,1.0,0.855,1472,1472
information gain,14.472,10.666666666666666,120,120,0.76,0.875,1.0,0.882,1472,1472
