strat,runtime,avg_tree_size_increase,num_complaints,confirmation_cnt,global_accuracy,fix_rate,confirm_preserve_rate,new_global_accuracy,prev_signaled_cnt,new_signaled_cnt
naive,0.029,1.5555555555555556,5,5,0.76,1.0,1.0,0.803,1472,1472
information gain,0.051,0.8888888888888888,5,5,0.76,0.8,0.8,0.777,1472,1472
naive,0.069,2.6666666666666665,10,10,0.76,1.0,1.0,0.79,1472,1472
information gain,0.132,1.3333333333333333,10,10,0.76,0.6,1.0,0.775,1472,1472
naive,0.196,5.777777777777778,20,20,0.76,1.0,1.0,0.782,1472,1472
information gain,0.43,2.888888888888889,20,20,0.76,0.95,1.0,0.772,1472,1472
naive,0.303,10.666666666666666,40,40,0.76,0.825,1.0,0.798,1472,1472
information gain,1.539,5.333333333333333,40,40,0.76,0.825,1.0,0.764,1472,1472
naive,1.407,38.44444444444444,120,120,0.76,0.967,0.992,0.84,1472,1472
information gain,15.997,11.333333333333334,120,120,0.76,0.983,0.992,0.877,1472,1472
