strat,runtime,avg_tree_size_increase,num_complaints,confirmation_cnt,global_accuracy,fix_rate,confirm_preserve_rate,new_global_accuracy,prev_signaled_cnt,new_signaled_cnt
naive,0.031,0.6666666666666666,5,5,0.76,0.2,0.8,0.722,1472,1472
information gain,0.036,0.4444444444444444,5,5,0.76,0.0,0.8,0.7,1472,1472
naive,0.062,2.4444444444444446,10,10,0.76,1.0,0.8,0.757,1472,1472
information gain,0.071,0.8888888888888888,10,10,0.76,1.0,0.3,0.383,1472,1472
naive,0.126,6.444444444444445,20,20,0.76,0.9,0.9,0.738,1472,1472
information gain,0.301,2.4444444444444446,20,20,0.76,0.85,0.9,0.779,1472,1472
naive,0.306,11.555555555555555,40,40,0.76,1.0,1.0,0.861,1472,1472
information gain,1.37,4.666666666666667,40,40,0.76,0.625,0.925,0.772,1472,1472
naive,1.412,40.888888888888886,120,120,0.76,1.0,1.0,0.87,1472,1472
information gain,14.623,12.88888888888889,120,120,0.76,0.917,1.0,0.895,1472,1472
