strat,runtime,avg_tree_size_increase,num_complaints,confirmation_cnt,global_accuracy,fix_rate,confirm_preserve_rate,new_global_accuracy,prev_signaled_cnt,new_signaled_cnt
naive,0.024,0.8888888888888888,5,5,0.76,0.6,1.0,0.791,1472,1472
information gain,0.047,0.4444444444444444,5,5,0.76,0.8,1.0,0.788,1472,1472
naive,0.072,1.5555555555555556,10,10,0.76,1.0,0.8,0.715,1472,1472
information gain,0.108,0.8888888888888888,10,10,0.76,0.5,0.9,0.757,1472,1472
naive,0.146,6.0,20,20,0.76,1.0,1.0,0.805,1472,1472
information gain,0.343,2.4444444444444446,20,20,0.76,0.95,1.0,0.835,1472,1472
naive,0.434,13.333333333333334,40,40,0.76,1.0,1.0,0.828,1472,1472
information gain,1.685,4.444444444444445,40,40,0.76,0.875,1.0,0.834,1472,1472
naive,1.406,41.77777777777778,120,120,0.76,0.883,1.0,0.824,1472,1472
information gain,10.328,12.0,120,120,0.76,0.875,1.0,0.87,1472,1472
