strat,runtime,avg_tree_size_increase,num_complaints,confirmation_cnt,global_accuracy,fix_rate,confirm_preserve_rate,new_global_accuracy,prev_signaled_cnt,new_signaled_cnt
naive,0.038,2.0,5,5,0.76,1.0,1.0,0.757,1472,1472
information gain,0.056,0.8888888888888888,5,5,0.76,0.8,1.0,0.789,1472,1472
naive,0.055,3.111111111111111,10,10,0.76,0.7,0.9,0.734,1472,1472
information gain,0.075,1.1111111111111112,10,10,0.76,0.3,1.0,0.772,1472,1472
naive,0.162,5.111111111111111,20,20,0.76,0.85,1.0,0.799,1472,1472
information gain,0.476,3.111111111111111,20,20,0.76,0.85,1.0,0.772,1472,1472
naive,0.413,12.444444444444445,40,40,0.76,0.925,0.975,0.741,1472,1472
information gain,1.84,5.111111111111111,40,40,0.76,0.7,1.0,0.806,1472,1472
naive,1.76,34.0,120,120,0.76,1.0,1.0,0.845,1472,1472
information gain,11.391,10.444444444444445,120,120,0.76,0.967,1.0,0.885,1472,1472
