strat,runtime,avg_tree_size_increase,num_complaints,confirmation_cnt,global_accuracy,fix_rate,confirm_preserve_rate,new_global_accuracy,prev_signaled_cnt,new_signaled_cnt
naive,0.025,0.2222222222222222,0,10,0.76,1,1.0,0.747,1472,1472
information gain,0.031,0.2222222222222222,0,10,0.76,1,1.0,0.747,1472,1472
naive,0.037,0.6666666666666666,1,9,0.76,0.0,1.0,0.696,1472,1472
information gain,0.031,0.2222222222222222,1,9,0.76,0.0,1.0,0.736,1472,1472
naive,0.029,0.6666666666666666,2,8,0.76,1.0,1.0,0.717,1472,1472
information gain,0.039,0.4444444444444444,2,8,0.76,1.0,1.0,0.748,1472,1472
naive,0.05,0.6666666666666666,3,7,0.76,0.333,0.571,0.716,1472,1472
information gain,0.045,0.4444444444444444,3,7,0.76,0.333,1.0,0.675,1472,1472
naive,0.047,0.8888888888888888,4,6,0.76,0.75,1.0,0.766,1472,1472
information gain,0.056,0.4444444444444444,4,6,0.76,0.0,1.0,0.767,1472,1472
naive,0.041,1.3333333333333333,5,5,0.76,0.8,1.0,0.765,1472,1472
information gain,0.052,0.8888888888888888,5,5,0.76,0.6,1.0,0.692,1472,1472
naive,0.049,1.5555555555555556,6,4,0.76,0.667,1.0,0.714,1472,1472
information gain,0.06,0.6666666666666666,6,4,0.76,0.833,0.25,0.266,1472,1472
naive,0.08,0.6666666666666666,7,3,0.76,0.286,1.0,0.768,1472,1472
information gain,0.073,0.2222222222222222,7,3,0.76,0.0,1.0,0.755,1472,1472
naive,0.048,0.0,8,2,0.76,0.75,1.0,0.804,1472,1472
information gain,0.047,0.0,8,2,0.76,0.75,1.0,0.804,1472,1472
naive,0.036,0.4444444444444444,9,1,0.76,1.0,0.0,0.304,1472,1472
information gain,0.039,0.4444444444444444,9,1,0.76,1.0,0.0,0.304,1472,1472
naive,0.043,0.8888888888888888,10,0,0.76,0.6,1,0.27,1472,1472
information gain,0.061,0.4444444444444444,10,0,0.76,1.0,1,0.264,1472,1472
naive,0.056,0.6666666666666666,0,20,0.76,1,0.85,0.724,1472,1472
information gain,0.079,0.4444444444444444,0,20,0.76,1,0.85,0.726,1472,1472
naive,0.05,0.4444444444444444,2,18,0.76,0.0,1.0,0.749,1472,1472
information gain,0.068,0.2222222222222222,2,18,0.76,0.0,1.0,0.755,1472,1472
naive,0.087,2.0,4,16,0.76,1.0,1.0,0.81,1472,1472
information gain,0.101,1.1111111111111112,4,16,0.76,1.0,1.0,0.819,1472,1472
naive,0.059,2.0,6,14,0.76,0.833,0.857,0.747,1472,1472
information gain,0.078,0.8888888888888888,6,14,0.76,0.5,0.929,0.733,1472,1472
naive,0.075,2.6666666666666665,8,12,0.76,0.875,1.0,0.808,1472,1472
information gain,0.14,1.5555555555555556,8,12,0.76,0.75,0.75,0.739,1472,1472
naive,0.068,3.3333333333333335,10,10,0.76,1.0,1.0,0.779,1472,1472
information gain,0.124,1.7777777777777777,10,10,0.76,0.6,1.0,0.787,1472,1472
naive,0.069,3.7777777777777777,12,8,0.76,0.917,1.0,0.747,1472,1472
information gain,0.208,1.5555555555555556,12,8,0.76,0.917,0.625,0.741,1472,1472
naive,0.068,1.5555555555555556,14,6,0.76,0.357,1.0,0.812,1472,1472
information gain,0.084,0.6666666666666666,14,6,0.76,0.857,0.333,0.251,1472,1472
naive,0.067,0.6666666666666666,16,4,0.76,0.75,0.0,0.247,1472,1472
information gain,0.063,0.2222222222222222,16,4,0.76,1.0,0.25,0.27,1472,1472
naive,0.075,4.444444444444445,18,2,0.76,0.722,1.0,0.764,1472,1472
information gain,0.137,0.8888888888888888,18,2,0.76,0.889,0.5,0.265,1472,1472
naive,0.08,2.4444444444444446,20,0,0.76,0.65,1,0.23,1472,1472
information gain,0.105,0.6666666666666666,20,0,0.76,0.95,1,0.276,1472,1472
naive,0.087,0.8888888888888888,0,40,0.76,1,1.0,0.743,1472,1472
information gain,0.107,0.4444444444444444,0,40,0.76,1,0.875,0.728,1472,1472
naive,0.096,2.2222222222222223,4,36,0.76,1.0,1.0,0.744,1472,1472
information gain,0.195,1.7777777777777777,4,36,0.76,1.0,0.889,0.718,1472,1472
naive,0.106,3.3333333333333335,8,32,0.76,1.0,1.0,0.818,1472,1472
information gain,0.187,1.3333333333333333,8,32,0.76,0.875,1.0,0.819,1472,1472
naive,0.142,5.777777777777778,12,28,0.76,1.0,1.0,0.796,1472,1472
information gain,0.348,2.0,12,28,0.76,0.583,0.75,0.709,1472,1472
naive,0.132,6.888888888888889,16,24,0.76,0.875,1.0,0.834,1472,1472
information gain,0.311,2.6666666666666665,16,24,0.76,0.438,0.917,0.751,1472,1472
naive,0.141,7.111111111111111,20,20,0.76,0.8,1.0,0.77,1472,1472
information gain,0.369,2.6666666666666665,20,20,0.76,0.75,1.0,0.781,1472,1472
naive,0.123,5.555555555555555,24,16,0.76,1.0,1.0,0.829,1472,1472
information gain,0.331,3.111111111111111,24,16,0.76,0.583,0.812,0.738,1472,1472
naive,0.141,7.333333333333333,28,12,0.76,0.964,1.0,0.815,1472,1472
information gain,0.359,1.7777777777777777,28,12,0.76,1.0,0.083,0.3,1472,1472
naive,0.148,8.88888888888889,32,8,0.76,0.875,1.0,0.814,1472,1472
information gain,0.496,1.5555555555555556,32,8,0.76,0.969,0.625,0.308,1472,1472
naive,0.179,7.555555555555555,36,4,0.76,0.833,1.0,0.819,1472,1472
information gain,0.454,1.5555555555555556,36,4,0.76,0.861,0.0,0.292,1472,1472
naive,0.151,2.2222222222222223,40,0,0.76,1.0,1,0.274,1472,1472
information gain,0.201,0.4444444444444444,40,0,0.76,0.85,1,0.283,1472,1472
naive,0.253,2.2222222222222223,0,80,0.76,1,0.963,0.736,1472,1472
information gain,0.357,0.8888888888888888,0,80,0.76,1,0.963,0.739,1472,1472
naive,0.24,3.3333333333333335,8,72,0.76,1.0,1.0,0.837,1472,1472
information gain,1.201,2.2222222222222223,8,72,0.76,1.0,1.0,0.818,1472,1472
naive,0.275,10.222222222222221,16,64,0.76,1.0,1.0,0.786,1472,1472
information gain,0.907,3.5555555555555554,16,64,0.76,0.812,0.922,0.772,1472,1472
naive,0.241,8.222222222222221,24,56,0.76,0.875,1.0,0.825,1472,1472
information gain,0.881,4.444444444444445,24,56,0.76,0.875,1.0,0.834,1472,1472
naive,0.288,9.333333333333334,32,48,0.76,0.969,1.0,0.802,1472,1472
information gain,1.077,4.444444444444445,32,48,0.76,0.938,0.958,0.806,1472,1472
naive,0.32,10.222222222222221,40,40,0.76,0.975,1.0,0.81,1472,1472
information gain,1.782,4.222222222222222,40,40,0.76,0.95,0.925,0.789,1472,1472
naive,0.338,16.22222222222222,48,32,0.76,0.938,1.0,0.873,1472,1472
information gain,2.003,6.444444444444445,48,32,0.76,0.646,0.844,0.794,1472,1472
naive,0.541,15.11111111111111,56,24,0.76,1.0,1.0,0.73,1472,1472
information gain,2.328,4.888888888888889,56,24,0.76,0.143,0.792,0.713,1472,1472
naive,0.324,14.88888888888889,64,16,0.76,0.953,1.0,0.815,1472,1472
information gain,2.396,5.555555555555555,64,16,0.76,0.859,0.562,0.389,1472,1472
naive,0.334,12.444444444444445,72,8,0.76,0.792,1.0,0.807,1472,1472
information gain,2.245,2.6666666666666665,72,8,0.76,0.972,0.625,0.298,1472,1472
naive,0.327,10.0,80,0,0.76,0.863,1,0.241,1472,1472
information gain,1.162,1.1111111111111112,80,0,0.76,0.912,1,0.29,1472,1472
naive,0.382,2.0,0,160,0.76,1,0.912,0.726,1472,1472
information gain,1.395,0.8888888888888888,0,160,0.76,1,0.912,0.726,1472,1472
naive,0.532,11.11111111111111,16,144,0.76,1.0,1.0,0.854,1472,1472
information gain,2.636,4.0,16,144,0.76,1.0,1.0,0.847,1472,1472
naive,0.575,14.666666666666666,32,128,0.76,0.969,1.0,0.874,1472,1472
information gain,3.797,5.777777777777778,32,128,0.76,0.906,1.0,0.858,1472,1472
naive,0.7,21.11111111111111,48,112,0.76,0.938,1.0,0.869,1472,1472
information gain,3.817,5.555555555555555,48,112,0.76,0.958,1.0,0.885,1472,1472
naive,0.626,17.555555555555557,64,96,0.76,0.984,1.0,0.884,1472,1472
information gain,4.677,6.666666666666667,64,96,0.76,0.984,1.0,0.859,1472,1472
naive,0.804,26.22222222222222,80,80,0.76,0.963,1.0,0.839,1472,1472
information gain,8.607,8.444444444444445,80,80,0.76,0.812,1.0,0.828,1472,1472
naive,0.811,26.0,96,64,0.76,0.948,1.0,0.881,1472,1472
information gain,13.357,11.333333333333334,96,64,0.76,0.906,1.0,0.806,1472,1472
naive,0.988,37.333333333333336,112,48,0.76,0.964,1.0,0.877,1472,1472
information gain,7.528,8.222222222222221,112,48,0.76,0.804,1.0,0.863,1472,1472
naive,0.784,23.11111111111111,128,32,0.76,0.789,1.0,0.808,1472,1472
information gain,5.596,6.222222222222222,128,32,0.76,0.984,0.156,0.272,1472,1472
naive,0.789,22.0,144,16,0.76,0.84,1.0,0.839,1472,1472
information gain,7.268,2.888888888888889,144,16,0.76,0.944,0.312,0.317,1472,1472
naive,0.764,19.77777777777778,160,0,0.76,0.887,1,0.493,1472,1472
information gain,2.877,1.5555555555555556,160,0,0.76,0.925,1,0.279,1472,1472
naive,0.557,2.2222222222222223,0,240,0.76,1,0.917,0.726,1472,1472
information gain,1.837,0.6666666666666666,0,240,0.76,1,0.917,0.726,1472,1472
naive,0.789,12.666666666666666,24,216,0.76,0.958,1.0,0.846,1472,1472
information gain,5.661,5.111111111111111,24,216,0.76,0.917,0.894,0.77,1472,1472
naive,1.078,23.555555555555557,48,192,0.76,0.938,1.0,0.851,1472,1472
information gain,10.386,6.666666666666667,48,192,0.76,0.938,1.0,0.883,1472,1472
naive,1.39,26.666666666666668,72,168,0.76,0.944,1.0,0.855,1472,1472
information gain,9.215,10.0,72,168,0.76,0.972,1.0,0.899,1472,1472
naive,1.285,33.77777777777778,96,144,0.76,0.917,1.0,0.875,1472,1472
information gain,9.321,10.0,96,144,0.76,0.917,1.0,0.882,1472,1472
naive,1.477,42.666666666666664,120,120,0.76,0.983,1.0,0.846,1472,1472
information gain,10.221,10.444444444444445,120,120,0.76,0.833,1.0,0.855,1472,1472
naive,1.342,35.55555555555556,144,96,0.76,0.944,1.0,0.846,1472,1472
information gain,17.499,11.11111111111111,144,96,0.76,0.903,1.0,0.891,1472,1472
naive,1.327,34.22222222222222,168,72,0.76,0.845,1.0,0.861,1472,1472
information gain,17.668,13.11111111111111,168,72,0.76,0.821,1.0,0.851,1472,1472
naive,1.957,36.888888888888886,192,48,0.76,0.849,1.0,0.868,1472,1472
information gain,27.616,10.444444444444445,192,48,0.76,0.865,1.0,0.817,1472,1472
naive,1.357,29.555555555555557,216,24,0.76,0.921,1.0,0.856,1472,1472
information gain,17.407,4.666666666666667,216,24,0.76,0.977,0.208,0.312,1472,1472
naive,1.119,17.77777777777778,240,0,0.76,0.746,1,0.862,1472,1472
information gain,9.313,2.2222222222222223,240,0,0.76,0.979,1,0.296,1472,1472
