strat,runtime,avg_tree_size_increase,num_complaints,confirmation_cnt,global_accuracy,fix_rate,confirm_preserve_rate,new_global_accuracy,prev_signaled_cnt,new_signaled_cnt
naive,0.032,0.6666666666666666,5,5,0.76,0.6,1.0,0.783,1472,1472
information gain,0.033,0.2222222222222222,5,5,0.76,1.0,0.0,0.302,1472,1472
naive,0.058,3.111111111111111,10,10,0.76,0.8,1.0,0.772,1472,1472
information gain,0.087,2.0,10,10,0.76,0.5,1.0,0.755,1472,1472
naive,0.138,7.555555555555555,20,20,0.76,0.9,1.0,0.814,1472,1472
information gain,0.256,3.111111111111111,20,20,0.76,0.5,1.0,0.774,1472,1472
naive,0.316,13.11111111111111,40,40,0.76,1.0,1.0,0.84,1472,1472
information gain,1.28,4.444444444444445,40,40,0.76,1.0,1.0,0.798,1472,1472
naive,1.367,38.22222222222222,120,120,0.76,1.0,1.0,0.825,1472,1472
information gain,10.22,10.444444444444445,120,120,0.76,0.975,1.0,0.905,1472,1472
