strat,runtime,avg_tree_size_increase,num_complaints,confirmation_cnt,global_accuracy,fix_rate,confirm_preserve_rate,new_global_accuracy,prev_signaled_cnt,new_signaled_cnt
naive,0.023,1.3333333333333333,5,5,0.76,0.8,0.8,0.724,1472,1472
information gain,0.038,1.1111111111111112,5,5,0.76,0.6,1.0,0.771,1472,1472
naive,0.059,3.3333333333333335,10,10,0.76,0.7,1.0,0.739,1472,1472
information gain,0.121,1.5555555555555556,10,10,0.76,0.5,0.9,0.74,1472,1472
naive,0.149,8.666666666666666,20,20,0.76,0.75,1.0,0.738,1472,1472
information gain,0.381,3.111111111111111,20,20,0.76,0.55,0.95,0.8,1472,1472
naive,0.559,15.333333333333334,40,40,0.76,0.95,1.0,0.743,1472,1472
information gain,1.967,4.444444444444445,40,40,0.76,0.825,1.0,0.8,1472,1472
naive,1.308,36.44444444444444,120,120,0.76,1.0,1.0,0.819,1472,1472
information gain,10.574,11.555555555555555,120,120,0.76,0.958,1.0,0.893,1472,1472
