strat,runtime,avg_tree_size_increase,num_complaints,confirmation_cnt,global_accuracy,fix_rate,confirm_preserve_rate,new_global_accuracy,prev_signaled_cnt,new_signaled_cnt
naive,0.042,0.6666666666666666,5,5,0.76,0.8,0.8,0.713,1472,1472
information gain,0.051,0.4444444444444444,5,5,0.76,0.8,1.0,0.789,1472,1472
naive,0.052,2.6666666666666665,10,10,0.76,1.0,1.0,0.794,1472,1472
information gain,0.092,1.7777777777777777,10,10,0.76,0.8,1.0,0.764,1472,1472
naive,0.12,5.777777777777778,20,20,0.76,0.95,1.0,0.826,1472,1472
information gain,0.219,2.6666666666666665,20,20,0.76,0.5,1.0,0.806,1472,1472
naive,0.284,9.555555555555555,40,40,0.76,0.975,1.0,0.772,1472,1472
information gain,1.903,4.222222222222222,40,40,0.76,0.975,1.0,0.827,1472,1472
naive,1.361,38.44444444444444,120,120,0.76,1.0,1.0,0.834,1472,1472
information gain,10.224,11.777777777777779,120,120,0.76,0.858,1.0,0.848,1472,1472
