strat,runtime,avg_tree_size_increase,num_complaints,confirmation_cnt,global_accuracy,fix_rate,confirm_preserve_rate,new_global_accuracy,prev_signaled_cnt,new_signaled_cnt
naive,0.034,1.7777777777777777,5,5,0.76,0.6,0.6,0.734,1472,1472
information gain,0.045,0.6666666666666666,5,5,0.76,0.2,1.0,0.712,1472,1472
naive,0.068,2.888888888888889,10,10,0.76,0.6,1.0,0.793,1472,1472
information gain,0.19,1.3333333333333333,10,10,0.76,1.0,1.0,0.796,1472,1472
naive,0.136,7.333333333333333,20,20,0.76,0.95,1.0,0.747,1472,1472
information gain,0.563,3.3333333333333335,20,20,0.76,0.8,1.0,0.773,1472,1472
naive,0.36,16.88888888888889,40,40,0.76,0.975,1.0,0.776,1472,1472
information gain,2.051,7.111111111111111,40,40,0.76,0.975,1.0,0.821,1472,1472
naive,1.303,37.333333333333336,120,120,0.76,1.0,1.0,0.829,1472,1472
information gain,9.944,11.777777777777779,120,120,0.76,0.967,1.0,0.892,1472,1472
