strat,runtime,avg_tree_size_increase,num_complaints,confirmation_cnt,global_accuracy,fix_rate,confirm_preserve_rate,new_global_accuracy,prev_signaled_cnt,new_signaled_cnt
naive,0.043,1.3333333333333333,5,5,0.76,0.8,0.8,0.755,1472,1472
information gain,0.051,0.6666666666666666,5,5,0.76,0.2,1.0,0.787,1472,1472
naive,0.07,4.0,10,10,0.76,1.0,0.9,0.741,1472,1472
information gain,0.167,1.7777777777777777,10,10,0.76,0.9,0.9,0.743,1472,1472
naive,0.16,8.0,20,20,0.76,0.95,1.0,0.76,1472,1472
information gain,0.515,2.2222222222222223,20,20,0.76,0.75,0.85,0.776,1472,1472
naive,0.31,12.666666666666666,40,40,0.76,0.925,1.0,0.766,1472,1472
information gain,2.373,5.555555555555555,40,40,0.76,0.85,1.0,0.827,1472,1472
naive,1.374,38.0,120,120,0.76,0.908,1.0,0.825,1472,1472
information gain,10.715,11.555555555555555,120,120,0.76,0.908,1.0,0.879,1472,1472
