strat,runtime,avg_tree_size_increase,num_complaints,confirmation_cnt,global_accuracy,fix_rate,confirm_preserve_rate,new_global_accuracy,prev_signaled_cnt,new_signaled_cnt
naive,0.037,1.3333333333333333,5,5,0.76,0.8,1.0,0.771,1472,1472
information gain,0.058,0.4444444444444444,5,5,0.76,0.0,1.0,0.76,1472,1472
naive,0.07,2.2222222222222223,10,10,0.76,0.8,1.0,0.728,1472,1472
information gain,0.122,1.1111111111111112,10,10,0.76,1.0,0.9,0.745,1472,1472
naive,0.138,5.777777777777778,20,20,0.76,0.95,1.0,0.766,1472,1472
information gain,0.319,2.0,20,20,0.76,0.9,0.8,0.658,1472,1472
naive,0.353,13.333333333333334,40,40,0.76,0.975,1.0,0.801,1472,1472
information gain,1.539,5.555555555555555,40,40,0.76,0.95,1.0,0.785,1472,1472
naive,1.391,38.888888888888886,120,120,0.76,1.0,1.0,0.829,1472,1472
information gain,11.539,10.666666666666666,120,120,0.76,0.983,1.0,0.899,1472,1472
