strat,runtime,avg_tree_size_increase,num_complaints,confirmation_cnt,global_accuracy,fix_rate,confirm_preserve_rate,new_global_accuracy,prev_signaled_cnt,new_signaled_cnt
naive,0.038,0.8888888888888888,5,5,0.76,0.6,1.0,0.765,1472,1472
information gain,0.046,0.4444444444444444,5,5,0.76,0.8,0.4,0.317,1472,1472
naive,0.098,2.6666666666666665,10,10,0.76,1.0,1.0,0.741,1472,1472
information gain,0.166,1.3333333333333333,10,10,0.76,0.6,1.0,0.795,1472,1472
naive,0.206,6.888888888888889,20,20,0.76,0.9,1.0,0.784,1472,1472
information gain,0.494,2.6666666666666665,20,20,0.76,0.9,1.0,0.827,1472,1472
naive,0.304,10.88888888888889,40,40,0.76,1.0,1.0,0.839,1472,1472
information gain,1.695,4.222222222222222,40,40,0.76,1.0,1.0,0.748,1472,1472
naive,1.372,39.333333333333336,120,120,0.76,0.875,1.0,0.806,1472,1472
information gain,17.086,11.555555555555555,120,120,0.76,0.875,1.0,0.861,1472,1472
