strat,runtime,avg_tree_size_increase,num_complaints,confirmation_cnt,global_accuracy,fix_rate,confirm_preserve_rate,new_global_accuracy,prev_signaled_cnt,new_signaled_cnt
naive,0.035,0.6666666666666666,5,5,0.76,0.8,1.0,0.788,1472,1472
information gain,0.039,0.6666666666666666,5,5,0.76,0.8,1.0,0.788,1472,1472
naive,0.068,3.7777777777777777,10,10,0.76,0.9,1.0,0.734,1472,1472
information gain,0.131,1.5555555555555556,10,10,0.76,0.5,1.0,0.779,1472,1472
naive,0.124,6.222222222222222,20,20,0.76,1.0,1.0,0.829,1472,1472
information gain,0.236,2.888888888888889,20,20,0.76,0.85,1.0,0.784,1472,1472
naive,0.331,14.666666666666666,40,40,0.76,1.0,1.0,0.768,1472,1472
information gain,1.401,5.777777777777778,40,40,0.76,1.0,0.9,0.774,1472,1472
naive,1.369,39.333333333333336,120,120,0.76,0.883,1.0,0.808,1472,1472
information gain,9.134,10.666666666666666,120,120,0.76,0.833,1.0,0.889,1472,1472
