strat,runtime,avg_tree_size_increase,num_complaints,confirmation_cnt,global_accuracy,fix_rate,confirm_preserve_rate,new_global_accuracy,prev_signaled_cnt,new_signaled_cnt
naive,0.032,1.3333333333333333,5,5,0.76,0.8,1.0,0.785,1472,1472
information gain,0.05,0.8888888888888888,5,5,0.76,0.8,1.0,0.798,1472,1472
naive,0.068,2.888888888888889,10,10,0.76,0.7,1.0,0.728,1472,1472
information gain,0.098,1.1111111111111112,10,10,0.76,0.7,1.0,0.79,1472,1472
naive,0.123,6.666666666666667,20,20,0.76,1.0,0.9,0.751,1472,1472
information gain,0.292,2.6666666666666665,20,20,0.76,0.7,0.85,0.767,1472,1472
naive,0.303,12.0,40,40,0.76,0.75,1.0,0.79,1472,1472
information gain,1.103,4.444444444444445,40,40,0.76,0.675,0.95,0.804,1472,1472
naive,1.321,37.333333333333336,120,120,0.76,0.85,1.0,0.831,1472,1472
information gain,7.994,11.777777777777779,120,120,0.76,0.8,0.917,0.815,1472,1472
