strat,runtime,avg_tree_size_increase,num_complaints,confirmation_cnt,global_accuracy,fix_rate,confirm_preserve_rate,new_global_accuracy,prev_signaled_cnt,new_signaled_cnt
naive,0.037,0.6666666666666666,5,5,0.76,0.4,1.0,0.751,1472,1472
information gain,0.042,0.4444444444444444,5,5,0.76,0.8,1.0,0.774,1472,1472
naive,0.071,1.1111111111111112,10,10,0.76,0.7,1.0,0.826,1472,1472
information gain,0.087,0.4444444444444444,10,10,0.76,1.0,0.1,0.317,1472,1472
naive,0.143,5.333333333333333,20,20,0.76,0.9,1.0,0.776,1472,1472
information gain,0.288,2.2222222222222223,20,20,0.76,0.55,0.9,0.758,1472,1472
naive,0.336,13.555555555555555,40,40,0.76,1.0,1.0,0.774,1472,1472
information gain,1.653,4.444444444444445,40,40,0.76,0.975,1.0,0.851,1472,1472
naive,1.251,30.88888888888889,120,120,0.76,1.0,1.0,0.852,1472,1472
information gain,11.104,10.666666666666666,120,120,0.76,0.958,1.0,0.903,1472,1472
