strat,runtime,avg_tree_size_increase,num_complaints,confirmation_cnt,global_accuracy,fix_rate,confirm_preserve_rate,new_global_accuracy,prev_signaled_cnt,new_signaled_cnt
naive,0.025,0.6666666666666666,0,10,0.76,1,1.0,0.73,1472,1472
information gain,0.046,0.6666666666666666,0,10,0.76,1,1.0,0.73,1472,1472
naive,0.028,0.4444444444444444,1,9,0.76,1.0,1.0,0.744,1472,1472
information gain,0.024,0.2222222222222222,1,9,0.76,0.0,1.0,0.737,1472,1472
naive,0.034,0.8888888888888888,2,8,0.76,1.0,1.0,0.767,1472,1472
information gain,0.052,0.6666666666666666,2,8,0.76,1.0,1.0,0.766,1472,1472
naive,0.038,0.6666666666666666,3,7,0.76,1.0,1.0,0.75,1472,1472
information gain,0.07,0.6666666666666666,3,7,0.76,1.0,1.0,0.75,1472,1472
naive,0.041,0.2222222222222222,4,6,0.76,0.75,1.0,0.804,1472,1472
information gain,0.043,0.2222222222222222,4,6,0.76,0.75,1.0,0.804,1472,1472
naive,0.038,0.4444444444444444,5,5,0.76,0.6,1.0,0.81,1472,1472
information gain,0.042,0.2222222222222222,5,5,0.76,0.6,1.0,0.804,1472,1472
naive,0.029,2.0,6,4,0.76,0.667,1.0,0.778,1472,1472
information gain,0.044,0.8888888888888888,6,4,0.76,0.833,0.75,0.434,1472,1472
naive,0.051,0.2222222222222222,7,3,0.76,0.714,1.0,0.804,1472,1472
information gain,0.047,0.2222222222222222,7,3,0.76,0.714,1.0,0.804,1472,1472
naive,0.046,2.4444444444444446,8,2,0.76,0.875,1.0,0.713,1472,1472
information gain,0.077,0.4444444444444444,8,2,0.76,0.75,1.0,0.797,1472,1472
naive,0.046,0.0,9,1,0.76,1.0,0.0,0.269,1472,1472
information gain,0.046,0.0,9,1,0.76,1.0,0.0,0.269,1472,1472
naive,0.041,0.0,10,0,0.76,1.0,1,0.269,1472,1472
information gain,0.05,0.0,10,0,0.76,1.0,1,0.269,1472,1472
naive,0.05,0.8888888888888888,0,20,0.76,1,0.95,0.726,1472,1472
information gain,0.071,0.4444444444444444,0,20,0.76,1,0.95,0.724,1472,1472
naive,0.069,1.3333333333333333,2,18,0.76,0.5,1.0,0.731,1472,1472
information gain,0.082,0.6666666666666666,2,18,0.76,1.0,1.0,0.745,1472,1472
naive,0.058,1.7777777777777777,4,16,0.76,1.0,1.0,0.83,1472,1472
information gain,0.085,1.1111111111111112,4,16,0.76,0.5,1.0,0.787,1472,1472
naive,0.065,2.888888888888889,6,14,0.76,0.833,0.786,0.734,1472,1472
information gain,0.108,1.5555555555555556,6,14,0.76,0.667,0.786,0.757,1472,1472
naive,0.058,2.888888888888889,8,12,0.76,1.0,1.0,0.834,1472,1472
information gain,0.092,1.3333333333333333,8,12,0.76,0.875,0.583,0.337,1472,1472
naive,0.074,3.3333333333333335,10,10,0.76,0.7,1.0,0.779,1472,1472
information gain,0.13,1.3333333333333333,10,10,0.76,0.7,1.0,0.753,1472,1472
naive,0.068,1.5555555555555556,12,8,0.76,0.417,1.0,0.76,1472,1472
information gain,0.073,1.1111111111111112,12,8,0.76,1.0,1.0,0.801,1472,1472
naive,0.084,0.4444444444444444,14,6,0.76,0.786,0.0,0.252,1472,1472
information gain,0.082,0.2222222222222222,14,6,0.76,1.0,0.167,0.27,1472,1472
naive,0.063,1.1111111111111112,16,4,0.76,0.688,0.25,0.296,1472,1472
information gain,0.071,0.4444444444444444,16,4,0.76,1.0,0.25,0.3,1472,1472
naive,0.069,1.7777777777777777,18,2,0.76,0.444,1.0,0.779,1472,1472
information gain,0.1,0.4444444444444444,18,2,0.76,0.833,0.5,0.266,1472,1472
naive,0.08,0.2222222222222222,20,0,0.76,0.95,1,0.269,1472,1472
information gain,0.073,0.2222222222222222,20,0,0.76,0.95,1,0.269,1472,1472
naive,0.091,0.4444444444444444,0,40,0.76,1,0.9,0.726,1472,1472
information gain,0.141,0.4444444444444444,0,40,0.76,1,0.9,0.726,1472,1472
naive,0.102,2.2222222222222223,4,36,0.76,1.0,0.917,0.749,1472,1472
information gain,0.167,1.3333333333333333,4,36,0.76,0.75,0.917,0.743,1472,1472
naive,0.118,3.5555555555555554,8,32,0.76,1.0,1.0,0.798,1472,1472
information gain,0.261,2.0,8,32,0.76,0.25,1.0,0.815,1472,1472
naive,0.144,6.888888888888889,12,28,0.76,1.0,1.0,0.774,1472,1472
information gain,0.46,2.4444444444444446,12,28,0.76,1.0,1.0,0.819,1472,1472
naive,0.146,4.666666666666667,16,24,0.76,0.688,1.0,0.781,1472,1472
information gain,0.249,1.5555555555555556,16,24,0.76,0.75,1.0,0.8,1472,1472
naive,0.161,7.555555555555555,20,20,0.76,0.95,1.0,0.842,1472,1472
information gain,0.355,2.6666666666666665,20,20,0.76,0.85,0.9,0.765,1472,1472
naive,0.203,6.888888888888889,24,16,0.76,0.875,1.0,0.728,1472,1472
information gain,0.399,2.6666666666666665,24,16,0.76,0.292,0.75,0.712,1472,1472
naive,0.134,6.888888888888889,28,12,0.76,0.893,1.0,0.792,1472,1472
information gain,0.234,1.5555555555555556,28,12,0.76,0.821,0.167,0.294,1472,1472
naive,0.148,4.0,32,8,0.76,0.875,1.0,0.765,1472,1472
information gain,0.233,0.8888888888888888,32,8,0.76,0.938,0.25,0.266,1472,1472
naive,0.145,4.222222222222222,36,4,0.76,0.556,0.0,0.253,1472,1472
information gain,0.224,0.6666666666666666,36,4,0.76,0.972,0.5,0.288,1472,1472
naive,0.214,5.555555555555555,40,0,0.76,0.95,1,0.235,1472,1472
information gain,0.269,0.8888888888888888,40,0,0.76,0.9,1,0.247,1472,1472
naive,0.196,1.7777777777777777,0,80,0.76,1,0.925,0.739,1472,1472
information gain,0.412,0.8888888888888888,0,80,0.76,1,0.925,0.738,1472,1472
naive,0.411,5.333333333333333,8,72,0.76,0.875,1.0,0.82,1472,1472
information gain,0.829,2.4444444444444446,8,72,0.76,1.0,1.0,0.817,1472,1472
naive,0.234,7.111111111111111,16,64,0.76,1.0,1.0,0.831,1472,1472
information gain,1.106,3.5555555555555554,16,64,0.76,1.0,1.0,0.825,1472,1472
naive,0.262,9.11111111111111,24,56,0.76,0.875,1.0,0.808,1472,1472
information gain,0.891,3.7777777777777777,24,56,0.76,0.833,1.0,0.836,1472,1472
naive,0.31,13.555555555555555,32,48,0.76,0.938,1.0,0.859,1472,1472
information gain,1.621,5.111111111111111,32,48,0.76,0.906,1.0,0.774,1472,1472
naive,0.402,13.11111111111111,40,40,0.76,0.85,1.0,0.849,1472,1472
information gain,1.204,4.888888888888889,40,40,0.76,0.975,1.0,0.861,1472,1472
naive,0.315,12.88888888888889,48,32,0.76,0.938,1.0,0.856,1472,1472
information gain,1.067,4.222222222222222,48,32,0.76,0.875,1.0,0.851,1472,1472
naive,0.32,12.88888888888889,56,24,0.76,0.857,1.0,0.851,1472,1472
information gain,1.792,3.5555555555555554,56,24,0.76,0.232,0.917,0.724,1472,1472
naive,0.36,16.0,64,16,0.76,0.938,1.0,0.851,1472,1472
information gain,1.945,3.7777777777777777,64,16,0.76,0.766,0.188,0.268,1472,1472
naive,0.383,16.0,72,8,0.76,0.931,1.0,0.838,1472,1472
information gain,2.73,3.7777777777777777,72,8,0.76,0.889,0.625,0.303,1472,1472
naive,0.357,11.333333333333334,80,0,0.76,0.825,1,0.805,1472,1472
information gain,1.027,1.3333333333333333,80,0,0.76,0.938,1,0.281,1472,1472
naive,0.366,1.5555555555555556,0,160,0.76,1,0.9,0.724,1472,1472
information gain,0.877,0.6666666666666666,0,160,0.76,1,0.9,0.723,1472,1472
naive,0.516,9.777777777777779,16,144,0.76,1.0,1.0,0.857,1472,1472
information gain,2.565,4.222222222222222,16,144,0.76,1.0,1.0,0.865,1472,1472
naive,0.857,16.444444444444443,32,128,0.76,0.969,1.0,0.847,1472,1472
information gain,4.01,5.111111111111111,32,128,0.76,0.969,1.0,0.889,1472,1472
naive,0.771,13.555555555555555,48,112,0.76,1.0,1.0,0.861,1472,1472
information gain,4.653,5.555555555555555,48,112,0.76,1.0,1.0,0.871,1472,1472
naive,0.996,24.666666666666668,64,96,0.76,1.0,1.0,0.777,1472,1472
information gain,3.357,8.444444444444445,64,96,0.76,1.0,1.0,0.847,1472,1472
naive,0.796,25.11111111111111,80,80,0.76,0.85,1.0,0.855,1472,1472
information gain,5.339,8.88888888888889,80,80,0.76,0.85,1.0,0.864,1472,1472
naive,0.781,26.0,96,64,0.76,1.0,1.0,0.863,1472,1472
information gain,9.818,8.666666666666666,96,64,0.76,0.979,1.0,0.863,1472,1472
naive,0.852,30.666666666666668,112,48,0.76,0.83,1.0,0.863,1472,1472
information gain,10.053,9.11111111111111,112,48,0.76,0.821,1.0,0.81,1472,1472
naive,0.804,25.333333333333332,128,32,0.76,0.852,1.0,0.837,1472,1472
information gain,10.299,8.444444444444445,128,32,0.76,0.773,1.0,0.821,1472,1472
naive,0.813,26.0,144,16,0.76,0.868,1.0,0.838,1472,1472
information gain,6.487,4.666666666666667,144,16,0.76,0.924,0.125,0.25,1472,1472
naive,0.627,9.777777777777779,160,0,0.76,1.0,1,0.306,1472,1472
information gain,1.551,0.6666666666666666,160,0,0.76,0.938,1,0.288,1472,1472
naive,0.563,2.0,0,240,0.76,1,0.908,0.736,1472,1472
information gain,2.288,0.8888888888888888,0,240,0.76,1,0.908,0.726,1472,1472
naive,0.894,17.555555555555557,24,216,0.76,0.958,1.0,0.845,1472,1472
information gain,5.753,4.222222222222222,24,216,0.76,1.0,1.0,0.882,1472,1472
naive,1.027,23.333333333333332,48,192,0.76,0.938,1.0,0.853,1472,1472
information gain,7.996,8.444444444444445,48,192,0.76,0.958,1.0,0.874,1472,1472
naive,1.147,28.22222222222222,72,168,0.76,0.944,1.0,0.877,1472,1472
information gain,9.082,9.333333333333334,72,168,0.76,0.875,1.0,0.878,1472,1472
naive,1.447,28.0,96,144,0.76,0.969,1.0,0.897,1472,1472
information gain,16.739,11.11111111111111,96,144,0.76,0.969,1.0,0.896,1472,1472
naive,1.243,30.666666666666668,120,120,0.76,0.867,1.0,0.844,1472,1472
information gain,19.475,11.11111111111111,120,120,0.76,0.858,1.0,0.862,1472,1472
naive,1.51,40.666666666666664,144,96,0.76,0.965,1.0,0.868,1472,1472
information gain,15.339,10.444444444444445,144,96,0.76,0.861,1.0,0.866,1472,1472
naive,1.472,38.44444444444444,168,72,0.76,0.851,1.0,0.839,1472,1472
information gain,18.857,12.666666666666666,168,72,0.76,0.839,1.0,0.808,1472,1472
naive,1.548,39.77777777777778,192,48,0.76,0.865,1.0,0.876,1472,1472
information gain,32.765,11.333333333333334,192,48,0.76,0.974,0.312,0.349,1472,1472
naive,1.514,41.111111111111114,216,24,0.76,0.856,1.0,0.821,1472,1472
information gain,19.992,6.888888888888889,216,24,0.76,0.838,0.208,0.337,1472,1472
naive,1.072,16.0,240,0,0.76,0.85,1,0.737,1472,1472
information gain,7.397,1.7777777777777777,240,0,0.76,0.925,1,0.299,1472,1472
