strat,runtime,avg_tree_size_increase,num_complaints,confirmation_cnt,global_accuracy,fix_rate,confirm_preserve_rate,new_global_accuracy,prev_signaled_cnt,new_signaled_cnt
naive,0.048,1.5555555555555556,5,5,0.76,1.0,1.0,0.797,1472,1472
information gain,0.095,0.6666666666666666,5,5,0.76,0.2,1.0,0.721,1472,1472
naive,0.081,4.444444444444445,10,10,0.76,1.0,1.0,0.7,1472,1472
information gain,0.213,1.7777777777777777,10,10,0.76,1.0,0.8,0.743,1472,1472
naive,0.144,6.666666666666667,20,20,0.76,1.0,1.0,0.76,1472,1472
information gain,0.293,2.2222222222222223,20,20,0.76,0.8,0.85,0.691,1472,1472
naive,0.304,10.222222222222221,40,40,0.76,0.975,1.0,0.842,1472,1472
information gain,1.656,4.444444444444445,40,40,0.76,0.95,1.0,0.831,1472,1472
naive,1.267,36.44444444444444,120,120,0.76,0.975,1.0,0.885,1472,1472
information gain,9.921,11.11111111111111,120,120,0.76,0.967,1.0,0.889,1472,1472
