strat,runtime,avg_tree_size_increase,num_complaints,confirmation_cnt,global_accuracy,fix_rate,confirm_preserve_rate,new_global_accuracy,prev_signaled_cnt,new_signaled_cnt
naive,0.037,0.8888888888888888,5,5,0.76,0.6,1.0,0.726,1472,1472
information gain,0.044,0.4444444444444444,5,5,0.76,0.6,0.8,0.783,1472,1472
naive,0.085,2.2222222222222223,10,10,0.76,1.0,1.0,0.749,1472,1472
information gain,0.119,0.8888888888888888,10,10,0.76,0.8,1.0,0.736,1472,1472
naive,0.188,5.555555555555555,20,20,0.76,0.9,1.0,0.809,1472,1472
information gain,0.451,2.0,20,20,0.76,0.65,0.95,0.806,1472,1472
naive,0.315,13.555555555555555,40,40,0.76,0.975,1.0,0.832,1472,1472
information gain,2.032,6.0,40,40,0.76,0.975,1.0,0.853,1472,1472
naive,1.29,34.666666666666664,120,120,0.76,0.983,1.0,0.886,1472,1472
information gain,17.339,11.555555555555555,120,120,0.76,0.867,1.0,0.873,1472,1472
