strat,runtime,avg_tree_size_increase,num_complaints,confirmation_cnt,global_accuracy,fix_rate,confirm_preserve_rate,new_global_accuracy,prev_signaled_cnt,new_signaled_cnt
naive,0.022,1.1111111111111112,5,5,0.76,1.0,1.0,0.808,1472,1472
information gain,0.024,0.6666666666666666,5,5,0.76,0.2,1.0,0.771,1472,1472
naive,0.066,2.4444444444444446,10,10,0.76,0.9,1.0,0.793,1472,1472
information gain,0.091,0.8888888888888888,10,10,0.76,1.0,0.3,0.272,1472,1472
naive,0.132,6.666666666666667,20,20,0.76,0.95,0.95,0.738,1472,1472
information gain,0.468,3.5555555555555554,20,20,0.76,0.95,1.0,0.794,1472,1472
naive,0.274,9.555555555555555,40,40,0.76,0.85,1.0,0.817,1472,1472
information gain,0.893,4.222222222222222,40,40,0.76,0.35,1.0,0.782,1472,1472
naive,1.357,38.22222222222222,120,120,0.76,0.883,1.0,0.81,1472,1472
information gain,12.008,12.666666666666666,120,120,0.76,0.867,1.0,0.878,1472,1472
