strat,runtime,avg_tree_size_increase,num_complaints,confirmation_cnt,global_accuracy,fix_rate,confirm_preserve_rate,new_global_accuracy,prev_signaled_cnt,new_signaled_cnt
naive,0.044,2.0,5,5,0.76,0.8,1.0,0.74,1472,1472
information gain,0.066,1.1111111111111112,5,5,0.76,0.2,1.0,0.753,1472,1472
naive,0.065,2.0,10,10,0.76,1.0,1.0,0.753,1472,1472
information gain,0.102,0.8888888888888888,10,10,0.76,0.6,1.0,0.794,1472,1472
naive,0.124,4.0,20,20,0.76,0.85,0.9,0.773,1472,1472
information gain,0.291,2.4444444444444446,20,20,0.76,0.45,0.75,0.723,1472,1472
naive,0.417,10.444444444444445,40,40,0.76,0.925,1.0,0.846,1472,1472
information gain,1.127,4.222222222222222,40,40,0.76,0.9,1.0,0.819,1472,1472
naive,1.339,34.666666666666664,120,120,0.76,1.0,0.992,0.868,1472,1472
information gain,17.496,10.222222222222221,120,120,0.76,1.0,1.0,0.887,1472,1472
