strat,runtime,avg_tree_size_increase,num_complaints,confirmation_cnt,global_accuracy,fix_rate,confirm_preserve_rate,new_global_accuracy,prev_signaled_cnt,new_signaled_cnt
naive,0.041,1.5555555555555556,5,5,0.76,0.8,1.0,0.708,1472,1472
information gain,0.05,0.6666666666666666,5,5,0.76,0.2,1.0,0.76,1472,1472
naive,0.063,2.0,10,10,0.76,0.4,1.0,0.737,1472,1472
information gain,0.066,0.8888888888888888,10,10,0.76,0.3,0.9,0.726,1472,1472
naive,0.125,6.0,20,20,0.76,0.85,1.0,0.776,1472,1472
information gain,0.522,2.6666666666666665,20,20,0.76,1.0,0.1,0.301,1472,1472
naive,0.276,8.0,40,40,0.76,0.95,1.0,0.842,1472,1472
information gain,1.273,3.5555555555555554,40,40,0.76,0.825,1.0,0.836,1472,1472
naive,1.34,36.666666666666664,120,120,0.76,0.9,1.0,0.817,1472,1472
information gain,11.106,11.333333333333334,120,120,0.76,0.967,1.0,0.901,1472,1472
