strat,runtime,avg_tree_size_increase,num_complaints,confirmation_cnt,global_accuracy,fix_rate,confirm_preserve_rate,new_global_accuracy,prev_signaled_cnt,new_signaled_cnt
naive,0.047,1.1111111111111112,5,5,0.76,0.8,1.0,0.772,1472,1472
information gain,0.054,0.8888888888888888,5,5,0.76,0.4,1.0,0.818,1472,1472
naive,0.081,2.0,10,10,0.76,0.8,1.0,0.793,1472,1472
information gain,0.111,1.3333333333333333,10,10,0.76,0.3,0.7,0.774,1472,1472
naive,0.186,8.0,20,20,0.76,0.95,1.0,0.749,1472,1472
information gain,0.559,3.111111111111111,20,20,0.76,0.95,1.0,0.802,1472,1472
naive,0.305,10.666666666666666,40,40,0.76,0.875,0.85,0.745,1472,1472
information gain,1.228,5.555555555555555,40,40,0.76,0.8,1.0,0.834,1472,1472
naive,1.456,41.333333333333336,120,120,0.76,0.883,1.0,0.858,1472,1472
information gain,11.533,11.11111111111111,120,120,0.76,0.875,1.0,0.896,1472,1472
