digraph "round-table" { 1 [label="keyword_predicate-word-(check)"]
1->2
1->4
2 [label="-1 1: (0 1 3 4 7 8 10 11 
12 14 15 16 17 19 24 26 
27 30 31 34 36 37 38 40 
41 45 46 47 48 49 50 51 
52 53 56 57 58 60 65 66 
68 75 76 79 90 102 103 110 
115 116 117 118 122 125 133 137 
150 157 )
0: (2 39 64 80 81 82 83 84 
86 89 91 92 93 96 97 100 
105 106 107 109 111 112 113 114 
119 120 121 124 126 127 128 131 
132 135 136 138 139 141 142 144 
149 151 153 154 155 158 159 )"]
4 [color=blue, label="keyword_predicate-word-(views)"]
4->7
4->10
7 [color=blue, label="keyword_predicate-word-(anymore)"]
7->8
7->9
10 [color=blue, label="keyword_predicate-word-(ali)"]
10->11
10->12
8 [color=blue, label="1 0: ()
1: (5 6 18 20 22 23 25 28 
29 32 33 35 42 43 44 54 
55 59 61 62 63 67 69 70 
71 72 73 74 77 78 85 87 
94 95 98 99 101 104 108 123 
129 130 134 140 143 145 146 147 
148 152 156 )"]
9 [color=blue, label="0 0: (9 )
1: ()"]
11 [color=green, label="0 0: (13 21 )
1: ()"]
12 [color=green, label="1 0: ()
1: (88 )"] } 