digraph "round-table" { 1 [label="keyword_predicate-word-(love)"]
1->2
1->4
2 [label="-1 1: (0 1 3 5 6 7 8 10 
11 12 14 15 21 23 24 26 
30 31 34 35 37 38 39 40 
44 46 51 52 53 54 58 59 
61 65 66 69 70 73 76 79 
81 82 83 84 86 88 92 93 
101 103 105 106 108 109 112 114 
115 117 119 121 123 125 127 132 
133 134 139 140 141 142 144 145 
148 150 154 155 156 157 )
0: (2 9 13 18 20 22 25 27 
28 29 32 33 36 41 43 48 
50 55 56 57 60 63 64 71 
72 74 75 77 80 85 89 91 
94 95 96 97 98 99 100 102 
107 110 111 113 116 118 120 128 
129 130 131 135 136 137 138 147 
149 152 159 )"]
4 [color=blue, label="keyword_predicate-word-(awesome)"]
4->5
4->6
5 [color=blue, label="0 0: (16 17 19 42 45 47 49 62 
67 68 78 87 90 104 122 124 
126 143 146 151 153 158 )
1: ()"]
6 [color=blue, label="1 0: ()
1: (4 )"] } 