digraph "round-table" { 1 [label="keyword_predicate-word-(shakira)"]
1->2
1->4
2 [label="-1 1: (0 1 3 4 5 6 7 8 
10 11 12 14 15 16 17 18 
19 20 22 23 24 25 26 27 
28 29 30 31 32 33 34 35 
36 37 38 40 41 42 43 44 
45 46 47 48 49 50 51 52 
53 54 55 56 57 58 59 60 
61 62 63 65 66 67 68 69 
70 71 72 73 74 75 77 78 
79 85 87 88 90 94 95 98 
99 101 102 103 104 108 110 115 
116 117 118 122 123 125 129 130 
133 134 137 140 143 145 146 147 
148 150 152 156 157 )
0: (2 9 13 21 39 64 80 81 
82 83 84 86 89 91 92 93 
96 97 100 105 106 107 109 111 
113 114 119 120 121 124 127 131 
132 135 136 138 139 141 142 144 
149 153 154 155 158 159 )"]
4 [color=blue, label="keyword_predicate-word-(forget)"]
4->5
4->6
5 [color=green, label="0 0: (112 126 128 151 )
1: ()"]
6 [color=green, label="1 0: ()
1: (76 )"] } 