digraph "round-table" { 1 [label="keyword_predicate-word-(check)"]
1->2
1->4
2 [label="-1 1: (0 1 3 4 7 8 10 11 
12 14 15 16 17 19 24 26 
27 30 31 34 36 37 38 40 
41 45 46 47 48 49 50 51 
52 53 56 57 58 60 65 66 
68 75 76 79 80 81 82 83 
84 85 88 89 90 91 93 99 
100 101 103 105 106 108 109 112 
113 115 116 119 120 121 122 123 
124 126 127 129 131 132 133 134 
135 137 138 141 142 143 144 148 
150 151 152 153 154 155 157 158 
159 160 162 164 165 168 169 170 
171 175 177 179 180 181 182 184 
185 186 187 189 190 191 192 194 
196 197 198 199 200 201 202 204 
205 206 207 208 213 215 216 218 
219 221 222 223 234 246 247 254 
259 260 261 262 266 269 277 281 
294 301 314 317 )
0: (2 39 64 125 210 224 225 226 
227 228 230 233 235 236 237 240 
241 244 249 250 251 253 255 256 
257 258 263 264 265 268 270 271 
272 275 276 279 280 282 283 285 
286 288 293 295 297 298 299 302 
303 304 305 306 307 308 310 312 
315 318 319 )"]
4 [color=blue, label="keyword_predicate-word-(views)"]
4->7
4->10
7 [color=blue, label="keyword_predicate-word-(anymore)"]
7->13
7->9
10 [color=blue, label="keyword_predicate-word-(great)"]
10->11
10->12
13 [color=blue, label="keyword_predicate-word-(admit)"]
13->14
13->15
9 [color=blue, label="0 0: (9 )
1: ()"]
11 [color=green, label="0 0: (13 21 98 188 )
1: ()"]
12 [color=green, label="1 0: ()
1: (232 )"]
14 [color=blue, label="1 0: ()
1: (5 6 18 20 22 23 25 28 
29 32 33 35 42 43 44 54 
55 59 61 62 63 67 69 70 
71 72 73 74 77 78 86 87 
92 95 96 97 102 104 107 110 
111 114 117 118 128 130 136 139 
140 145 146 147 149 156 161 163 
166 167 172 173 174 176 178 183 
193 195 203 209 211 212 214 217 
220 229 231 238 239 242 243 245 
248 252 267 273 274 278 284 287 
289 290 291 292 296 300 309 311 
313 316 )"]
15 [color=blue, label="0 0: (94 )
1: ()"] } 