digraph "round-table" { 1 [label="keyword_predicate-word-(love)"]
1->2
1->4
2 [label="-1 1: (0 1 3 5 6 7 8 10 
11 12 14 15 16 17 19 20 
22 23 24 26 27 28 30 31 
32 33 34 35 36 37 38 40 
41 42 43 44 45 46 47 48 
49 50 51 52 53 54 55 56 
57 58 59 60 61 62 65 66 
68 71 72 73 74 75 76 77 
78 79 80 82 84 85 86 87 
88 89 90 91 92 93 96 97 
100 101 102 103 104 105 106 108 
109 110 112 113 115 116 117 118 
119 120 121 122 123 124 126 127 
128 129 130 131 132 134 136 137 
138 140 141 142 143 149 151 152 
154 158 159 )
0: (2 9 13 21 39 64 94 98 
125 146 148 150 153 155 156 157 
)"]
4 [color=blue, label="keyword_predicate-word-(wanderfol)"]
4->7
4->6
7 [color=blue, label="keyword_predicate-word-(crashed)"]
7->10
7->9
6 [color=blue, label="0 0: (144 )
1: ()"]
10 [color=blue, label="keyword_predicate-word-(reasons)"]
10->11
10->12
9 [color=blue, label="0 0: (145 )
1: ()"]
11 [color=blue, label="1 0: ()
1: (4 18 25 29 63 67 69 70 
81 83 95 99 107 111 114 133 
135 139 )"]
12 [color=blue, label="0 0: (147 )
1: ()"] } 