digraph "round-table" { 1 [label="RegexPredicate-tag-(http)"]
1->2
1->4
2 [label="-1 1: (0 1 3 4 7 8 9 10 
11 12 14 16 17 18 19 20 
21 23 24 26 27 29 30 32 
33 34 35 36 37 38 39 40 
41 43 45 47 48 49 50 51 
52 53 55 56 57 58 59 61 
62 63 64 68 70 72 73 74 
75 76 77 78 79 80 82 83 
93 95 96 100 101 103 105 106 
107 110 112 115 117 121 122 125 
133 140 142 143 148 149 153 155 
159 )
0: (2 5 28 31 81 84 85 86 
87 90 91 97 99 102 104 109 
111 113 114 116 119 120 123 124 
127 128 130 131 132 134 135 136 
137 138 139 141 144 146 147 151 
152 154 156 )"]
4 [color=blue, label="keyword_predicate-word-(youtu)"]
4->7
4->10
7 [color=blue, label="keyword_predicate-word-(zr)"]
7->8
7->9
10 [color=blue, label="keyword_predicate-word-(livestream)"]
10->11
10->12
8 [color=blue, label="1 0: ()
1: (13 15 22 25 42 44 46 65 
66 67 71 88 89 92 94 98 
108 118 126 129 150 157 158 )"]
9 [color=blue, label="0 0: (69 )
1: ()"]
11 [color=green, label="0 0: (6 54 60 )
1: ()"]
12 [color=green, label="1 0: ()
1: (145 )"] } 