digraph "round-table" { 1 [label="RegexPredicate-tag-(http)"]
1->2
1->4
2 [label="-1 1: (0 1 3 4 7 8 9 10 
11 12 14 16 17 18 19 20 
21 23 24 26 27 29 30 32 
33 34 35 36 37 38 39 40 
41 43 45 47 48 49 50 51 
52 53 55 56 57 58 59 61 
62 63 64 68 70 72 73 74 
75 76 77 78 79 81 82 83 
84 85 87 88 89 90 91 92 
93 95 96 97 98 99 101 102 
104 105 106 107 110 112 113 115 
119 120 121 123 124 125 126 127 
128 129 131 133 134 135 136 137 
138 142 143 144 145 147 148 149 
150 151 153 154 155 157 158 159 
160 162 163 173 175 176 180 181 
183 185 186 187 190 192 195 197 
201 202 205 213 220 222 223 228 
229 233 235 239 241 248 249 250 
257 262 267 269 272 275 277 285 
287 293 296 298 299 300 306 307 
308 309 310 315 318 )
0: (2 5 28 31 86 161 164 165 
166 167 170 171 177 179 182 184 
189 191 193 194 196 199 200 203 
204 207 208 210 211 212 214 215 
216 217 218 219 221 224 226 227 
231 232 234 236 242 243 244 245 
246 247 252 253 254 255 256 258 
259 260 261 263 264 265 268 270 
271 273 276 278 279 280 281 282 
283 284 286 288 289 290 291 292 
297 302 303 304 305 311 312 314 
316 317 319 )"]
4 [color=blue, label="keyword_predicate-word-(youtu)"]
4->7
4->10
7 [color=blue, label="keyword_predicate-word-(zr)"]
7->8
7->9
10 [color=blue, label="keyword_predicate-word-(nowplaying)"]
10->11
10->12
8 [color=blue, label="1 0: ()
1: (13 15 22 25 42 44 46 65 
66 67 71 80 94 100 103 108 
109 111 114 116 118 122 130 132 
139 140 141 146 152 156 168 169 
172 174 178 188 198 206 209 230 
237 238 240 251 266 274 294 295 
301 313 )"]
9 [color=blue, label="0 0: (69 )
1: ()"]
11 [color=green, label="0 0: (6 54 60 117 )
1: ()"]
12 [color=green, label="1 0: ()
1: (225 )"] } 