digraph "round-table" { 1 [label="keyword_predicate-word-(songs,song)"]
1->2
1->4
2 [label="-1 1: (0 1 3 4 8 10 11 12 
13 14 15 16 17 18 19 22 
23 25 26 27 29 30 32 34 
35 36 37 38 39 40 42 43 
44 45 46 47 48 49 50 51 
53 55 56 57 58 59 61 62 
63 64 65 66 67 68 70 71 
72 73 75 76 78 79 80 81 
82 83 84 85 88 89 91 92 
93 94 95 96 97 98 99 100 
101 102 103 104 106 107 108 109 
110 111 112 113 114 115 116 118 
120 121 123 124 125 126 127 128 
129 130 131 132 133 134 135 136 
137 138 139 140 143 146 147 149 
150 151 154 156 158 159 160 162 
163 168 169 172 173 174 175 176 
178 180 181 183 185 186 187 188 
190 192 195 197 198 201 202 205 
206 209 213 220 222 223 225 228 
229 230 235 237 238 239 240 241 
248 249 250 251 257 262 266 267 
269 272 274 275 277 285 287 293 
294 295 296 299 300 301 306 307 
308 309 310 313 315 318 )
0: (2 5 6 28 31 54 60 69 
86 117 161 165 166 170 171 177 
182 189 191 194 199 203 204 207 
208 210 211 212 216 217 219 221 
224 226 227 232 234 242 244 245 
247 253 255 256 258 259 260 261 
263 268 271 276 279 280 281 282 
283 286 291 292 297 302 304 305 
311 312 314 319 )"]
4 [color=blue, label="keyword_predicate-word-(my)"]
4->7
4->10
7 [color=blue, label="keyword_predicate-word-(subscribe)"]
7->13
7->9
10 [color=blue, label="keyword_predicate-word-(someone)"]
10->11
10->12
13 [color=blue, label="keyword_predicate-word-(if)"]
13->16
13->19
9 [color=green, label="1 0: ()
1: (9 24 41 153 )"]
11 [color=blue, label="1 0: ()
1: (20 21 77 87 90 119 142 144 
145 148 152 233 298 )"]
12 [color=blue, label="0 0: (196 )
1: ()"]
16 [color=blue, label="keyword_predicate-word-(google)"]
16->22
16->18
19 [color=blue, label="keyword_predicate-word-(but)"]
19->20
19->21
22 [color=blue, label="keyword_predicate-word-(best)"]
22->25
22->28
18 [color=green, label="1 0: ()
1: (74 122 )"]
20 [color=blue, label="1 0: ()
1: (7 33 52 155 )"]
21 [color=blue, label="0 0: (278 )
1: ()"]
25 [color=blue, label="keyword_predicate-word-(com)"]
25->26
25->27
28 [color=blue, label="keyword_predicate-word-(x)"]
28->29
28->30
26 [color=green, label="0 0: (164 167 179 184 193 200 215 218 
231 236 243 246 252 254 264 265 
270 273 284 288 289 290 303 316 
317 )
1: ()"]
27 [color=green, label="1 0: ()
1: (141 )"]
29 [color=blue, label="1 0: ()
1: (105 157 )"]
30 [color=blue, label="0 0: (214 )
1: ()"] } 