digraph "round-table" { 1 [label="keyword_predicate-word-(shakira)"]
1->2
1->4
2 [label="-1 1: (0 1 3 4 7 8 9 10 
11 12 13 14 15 16 17 18 
19 20 21 22 23 24 25 26 
27 29 30 32 33 34 35 36 
37 38 39 40 41 42 43 44 
45 46 47 48 49 50 51 52 
53 55 56 57 58 59 61 62 
63 64 65 66 67 68 70 71 
72 73 75 76 77 78 79 80 
82 83 88 89 92 93 94 95 
96 98 100 101 103 105 106 107 
108 110 112 115 117 118 121 122 
125 126 129 133 140 142 143 145 
148 149 150 153 155 157 158 159 
)
0: (2 5 6 28 31 54 60 69 
84 85 86 87 90 91 97 99 
102 104 109 111 114 116 119 120 
123 124 127 130 131 132 134 135 
137 138 139 141 144 146 147 151 
152 154 156 )"]
4 [color=blue, label="keyword_predicate-word-(song)"]
4->5
4->7
5 [color=blue, label="0 0: (81 128 136 )
1: ()"]
7 [color=blue, label="keyword_predicate-word-(open)"]
7->8
7->9
8 [color=blue, label="0 0: (113 )
1: ()"]
9 [color=blue, label="1 0: ()
1: (74 )"] } 