digraph "round-table" { 1 [label="keyword_predicate-word-(checking)"]
1->2
1->3
2 [label="-1 1: (0 1 3 4 7 8 9 10 
11 12 13 14 15 16 17 18 
19 20 21 22 23 24 25 26 
27 29 30 32 33 34 35 36 
37 39 40 41 42 43 44 45 
46 47 48 49 50 51 52 53 
55 56 57 58 59 61 62 63 
64 65 66 67 68 70 71 72 
73 74 75 76 77 78 79 80 
81 82 83 84 85 87 88 89 
90 91 92 93 94 95 96 97 
98 99 100 101 102 103 104 105 
106 107 108 109 110 111 112 113 
114 115 116 118 119 120 121 122 
123 124 125 126 127 128 129 130 
131 132 133 134 135 136 137 138 
139 140 141 142 143 144 145 146 
147 148 149 150 151 152 153 154 
155 156 157 158 159 160 162 163 
168 169 172 173 174 175 176 178 
180 181 183 185 186 187 188 190 
192 195 197 198 201 202 205 206 
209 213 220 222 223 225 228 229 
230 233 235 237 238 239 240 241 
248 249 250 251 257 262 266 267 
269 272 274 275 277 285 287 293 
294 295 296 298 299 300 301 306 
307 308 309 310 313 315 318 )
0: (2 5 6 28 31 54 60 69 
86 117 161 164 165 166 167 170 
171 177 179 182 184 189 191 193 
194 196 199 200 203 204 207 208 
210 211 212 214 215 216 217 218 
219 221 224 226 227 231 232 234 
236 242 243 244 245 246 247 252 
253 254 255 256 258 259 260 261 
263 264 265 268 270 271 273 276 
278 279 280 281 282 283 284 286 
288 289 290 291 292 297 302 303 
304 305 311 312 314 316 317 319 
)"]
3 [label="1 1: (38 )
0: ()"] } 