digraph "round-table" { 1 [label="SLengthPredicate-thresh-5"]
1->2
1->4
2 [label="-1 1: (1 4 7 8 9 10 11 12 
13 14 15 16 17 18 19 20 
21 22 23 24 25 26 29 32 
33 34 36 37 38 39 40 41 
42 43 44 45 46 47 48 49 
50 52 53 55 56 57 58 59 
65 66 67 68 70 71 72 73 
74 75 76 77 78 79 80 81 
84 85 87 88 89 90 91 92 
93 95 96 98 99 100 101 102 
103 104 105 106 107 108 109 110 
113 114 115 116 118 119 120 121 
122 123 125 127 128 129 130 131 
133 135 137 138 139 140 141 142 
144 145 146 147 148 149 150 151 
152 153 154 155 156 157 158 159 
160 162 163 168 169 172 173 174 
175 176 178 180 181 183 185 186 
187 188 190 192 195 197 198 201 
202 205 206 209 213 220 222 223 
225 228 229 230 233 237 238 239 
240 241 248 249 250 251 257 266 
267 269 272 274 275 277 285 287 
293 294 295 296 298 299 300 301 
306 307 308 309 310 313 315 318 
)
0: (2 5 6 28 31 54 60 69 
86 117 161 166 167 171 177 182 
184 189 193 194 196 199 200 203 
204 207 208 210 215 217 218 219 
226 231 232 242 243 244 245 246 
247 252 253 255 256 258 260 261 
263 264 265 270 271 276 278 280 
281 282 283 286 288 289 290 297 
303 304 312 314 316 319 )"]
4 [color=blue, label="keyword_predicate-word-(i)"]
4->7
4->10
7 [color=blue, label="keyword_predicate-word-(song)"]
7->13
7->9
10 [color=blue, label="keyword_predicate-word-(m)"]
10->11
10->12
13 [color=blue, label="keyword_predicate-word-(billion)"]
13->16
13->15
9 [color=blue, label="0 0: (214 236 273 284 )
1: ()"]
11 [color=green, label="0 0: (164 165 170 179 191 212 216 254 
259 279 291 305 317 )
1: ()"]
12 [color=green, label="1 0: ()
1: (27 )"]
16 [color=blue, label="keyword_predicate-word-(is)"]
16->19
16->18
15 [color=blue, label="0 0: (227 234 292 )
1: ()"]
19 [color=blue, label="keyword_predicate-word-(musique)"]
19->22
19->21
18 [color=blue, label="0 0: (221 311 )
1: ()"]
22 [color=blue, label="keyword_predicate-word-(d)"]
22->25
22->24
21 [color=blue, label="0 0: (211 )
1: ()"]
25 [color=blue, label="keyword_predicate-word-(the)"]
25->28
25->27
24 [color=blue, label="0 0: (224 )
1: ()"]
28 [color=blue, label="keyword_predicate-word-(party)"]
28->29
28->30
27 [color=blue, label="0 0: (268 )
1: ()"]
29 [color=blue, label="1 0: ()
1: (0 3 30 35 51 61 62 63 
64 82 83 94 97 111 112 124 
126 132 134 136 143 235 262 )"]
30 [color=blue, label="0 0: (302 )
1: ()"] } 