digraph "round-table" { 1 [label="keyword_predicate-word-(songs,song)"]
1->2
1->4
2 [label="-1 1: (1 3 5 7 8 10 11 12 
14 15 16 17 18 19 20 23 
24 25 26 27 29 30 31 32 
33 34 35 36 38 40 41 42 
44 45 46 47 48 50 51 52 
54 55 56 58 60 62 63 65 
66 67 68 69 70 71 72 74 
75 77 79 80 82 83 84 85 
86 88 89 90 91 92 93 95 
96 97 99 100 101 102 103 104 
105 106 108 109 110 111 112 113 
114 115 116 119 120 121 122 124 
126 127 128 129 132 133 134 136 
137 138 139 140 142 149 151 152 
154 158 159 )
0: (2 9 13 21 39 64 94 98 
125 144 146 148 150 153 155 157 
)"]
4 [color=blue, label="keyword_predicate-word-(crashed)"]
4->7
4->6
7 [color=blue, label="keyword_predicate-word-(south)"]
7->10
7->9
6 [color=blue, label="0 0: (145 )
1: ()"]
10 [color=blue, label="keyword_predicate-word-(history)"]
10->11
10->12
9 [color=blue, label="0 0: (147 )
1: ()"]
11 [color=blue, label="1 0: ()
1: (0 4 6 22 28 37 43 49 
53 57 59 61 73 76 78 81 
87 107 117 118 123 130 131 135 
141 143 )"]
12 [color=blue, label="0 0: (156 )
1: ()"] } 