digraph "round-table" { 1 [label="keyword_predicate-word-(check)"]
1->2
1->4
2 [label="-1 1: (0 1 3 7 8 9 10 11 
12 13 14 15 16 17 18 19 
21 22 23 24 25 26 27 29 
30 32 33 34 35 36 37 38 
39 40 41 42 44 45 46 48 
49 50 51 52 53 55 56 57 
59 61 62 63 64 65 66 67 
68 71 72 73 74 75 76 78 
79 88 89 92 94 98 108 118 
126 129 145 150 157 158 )
0: (6 54 60 69 81 84 85 86 
87 90 91 97 99 102 104 109 
111 113 114 116 119 120 123 124 
127 128 130 131 132 134 135 136 
137 138 139 141 144 146 147 151 
152 154 156 )"]
4 [color=blue, label="keyword_predicate-word-(out)"]
4->7
4->6
7 [color=blue, label="keyword_predicate-word-(d)"]
7->8
7->9
6 [color=green, label="1 0: ()
1: (4 20 43 47 58 70 77 80 
82 83 93 95 96 100 101 103 
105 106 107 110 112 115 117 121 
122 125 140 142 143 148 149 153 
155 159 )"]
8 [color=green, label="0 0: (2 5 28 31 )
1: ()"]
9 [color=green, label="1 0: ()
1: (133 )"] } 