digraph "round-table" { 1 [label="keyword_predicate-word-(love)"]
1->2
1->4
2 [label="-1 1: (0 1 3 8 9 10 11 12 
13 14 15 16 17 18 19 20 
21 22 23 25 26 27 29 30 
32 33 34 35 36 37 39 40 
42 44 45 46 48 49 50 51 
52 55 57 61 62 63 64 65 
66 67 68 71 72 73 74 75 
76 77 78 79 80 82 83 88 
89 92 93 94 95 96 98 100 
101 103 105 106 107 108 110 112 
115 117 118 121 122 125 126 129 
133 140 142 143 145 148 149 150 
153 155 157 158 159 )
0: (2 5 6 28 31 54 60 69 
81 84 85 86 87 91 97 102 
104 113 114 116 119 123 127 128 
130 132 134 137 139 141 144 147 
152 154 156 )"]
4 [color=blue, label="keyword_predicate-word-(if)"]
4->7
4->6
7 [color=blue, label="keyword_predicate-word-(out)"]
7->10
7->9
6 [color=green, label="1 0: ()
1: (4 7 38 43 53 56 58 )"]
10 [color=blue, label="keyword_predicate-word-(subscribe)"]
10->11
10->12
9 [color=green, label="1 0: ()
1: (47 59 70 )"]
11 [color=green, label="0 0: (90 99 109 111 120 124 131 135 
136 138 146 151 )
1: ()"]
12 [color=green, label="1 0: ()
1: (24 41 )"] } 