digraph "round-table" { 1 [label="SLengthPredicate-thresh-5"]
1->2
1->4
2 [label="-1 1: (0 1 3 4 6 7 8 10 
12 14 15 16 17 18 20 22 
23 25 26 27 28 29 37 39 
40 42 46 47 50 51 53 54 
55 56 60 62 67 68 69 70 
74 75 77 81 82 85 86 89 
92 95 97 98 99 100 102 104 
108 109 117 119 121 122 124 125 
128 130 131 133 135 137 139 141 
143 148 149 150 155 156 157 158 
160 161 164 166 170 171 172 173 
177 179 180 182 183 185 187 188 
190 191 196 197 198 199 201 203 
204 209 213 215 216 218 220 226 
227 228 229 230 234 235 236 237 
239 243 246 247 248 250 251 253 
254 256 257 259 260 262 265 266 
268 272 276 277 279 280 281 282 
284 285 287 290 292 293 294 295 
296 301 304 307 310 318 319 )
0: (2 9 13 21 32 33 35 38 
41 44 48 57 58 59 63 64 
66 71 72 76 78 79 83 84 
88 90 91 93 94 103 107 110 
112 113 114 115 116 118 120 123 
126 129 134 136 140 142 146 147 
151 152 153 154 159 163 165 174 
175 176 178 184 186 195 205 206 
208 210 212 214 217 219 221 222 
224 225 231 232 240 241 242 249 
252 255 261 263 269 270 271 274 
278 283 286 288 297 298 300 302 
308 309 313 314 316 317 )"]
4 [color=blue, label="keyword_predicate-word-(channel)"]
4->7
4->6
7 [color=blue, label="keyword_predicate-word-(lykum)"]
7->10
7->9
6 [color=green, label="1 0: ()
1: (5 24 )"]
10 [color=blue, label="keyword_predicate-word-(subscribed)"]
10->13
10->12
9 [color=green, label="1 0: ()
1: (11 )"]
13 [color=blue, label="keyword_predicate-word-(http)"]
13->16
13->15
12 [color=green, label="1 0: ()
1: (19 )"]
16 [color=blue, label="keyword_predicate-word-(comment)"]
16->17
16->19
15 [color=green, label="1 0: ()
1: (30 )"]
17 [color=green, label="0 0: (34 36 43 45 49 52 61 65 
73 80 87 96 101 105 106 127 
132 138 144 145 162 167 168 169 
181 189 192 193 194 200 202 207 
211 223 233 238 244 245 258 264 
267 273 275 289 291 299 303 305 
306 311 312 315 )
1: ()"]
19 [color=blue, label="keyword_predicate-word-(like)"]
19->20
19->21
20 [color=green, label="0 0: (111 )
1: ()"]
21 [color=green, label="1 0: ()
1: (31 )"] } 