digraph "round-table" { 1 [label="keyword_predicate-word-(love)"]
1->2
1->4
2 [label="-1 1: (0 1 3 8 9 10 11 12 
13 14 15 16 17 18 19 20 
21 22 23 25 26 27 29 30 
32 33 34 35 36 37 39 40 
42 44 45 46 48 49 50 51 
52 55 57 61 62 63 64 65 
66 67 68 71 72 73 74 75 
76 77 78 79 80 82 83 85 
87 88 90 92 94 96 97 98 
99 100 101 102 103 104 105 106 
107 108 109 110 111 112 113 114 
115 119 120 121 122 123 124 125 
126 127 128 129 131 132 133 134 
136 137 138 139 140 141 143 144 
146 147 148 149 150 151 152 153 
154 156 157 158 159 160 162 163 
168 169 172 173 174 175 176 178 
180 181 183 185 186 187 188 190 
192 195 197 198 201 202 205 206 
209 213 220 222 223 225 228 229 
230 233 235 237 238 239 240 241 
248 249 250 251 257 262 266 267 
269 272 274 275 277 285 287 293 
294 295 296 298 299 300 301 306 
307 308 309 310 313 315 318 )
0: (2 5 6 28 31 54 60 69 
86 117 161 164 165 166 167 171 
177 182 184 193 194 196 199 203 
207 208 210 212 214 217 219 221 
224 227 232 234 236 243 244 245 
246 247 252 253 255 258 261 263 
264 265 268 270 271 276 278 279 
280 281 282 283 284 286 289 290 
292 297 302 303 305 311 312 314 
)"]
4 [color=blue, label="keyword_predicate-word-(out)"]
4->7
4->6
7 [color=blue, label="keyword_predicate-word-(if)"]
7->10
7->9
6 [color=green, label="1 0: ()
1: (4 43 47 58 59 70 81 84 
89 91 95 130 142 145 155 )"]
10 [color=blue, label="keyword_predicate-word-(subscribe)"]
10->13
10->12
9 [color=green, label="1 0: ()
1: (7 38 53 56 135 )"]
13 [color=blue, label="keyword_predicate-word-(good)"]
13->16
13->15
12 [color=green, label="1 0: ()
1: (24 41 )"]
16 [color=blue, label="keyword_predicate-word-(way)"]
16->17
16->18
15 [color=green, label="1 0: ()
1: (93 116 )"]
17 [color=green, label="0 0: (170 179 189 191 200 204 211 215 
216 218 226 231 242 254 256 259 
260 273 288 291 304 316 317 319 
)
1: ()"]
18 [color=green, label="1 0: ()
1: (118 )"] } 