digraph "round-table" { 1 [label="keyword_predicate-word-(check)"]
1->2
1->4
2 [label="-1 1: (0 1 3 7 8 9 10 11 
12 13 14 15 16 17 18 19 
21 22 23 24 25 26 27 29 
30 32 33 34 35 36 37 38 
39 40 41 42 44 45 46 48 
49 50 51 52 53 55 56 57 
59 61 62 63 64 65 66 67 
68 71 72 73 74 75 76 78 
79 80 82 83 85 87 88 90 
92 93 94 96 97 98 99 100 
101 102 103 104 105 106 107 108 
109 110 111 112 113 114 115 116 
118 120 121 122 123 124 125 126 
127 128 129 131 132 133 134 135 
136 137 138 139 140 141 143 144 
146 147 149 150 151 153 154 156 
157 158 168 169 172 174 178 188 
198 206 209 225 230 237 238 240 
251 266 274 294 295 301 )
0: (6 54 60 69 117 161 164 165 
166 167 170 171 177 179 182 184 
189 191 193 194 196 199 200 203 
204 207 208 210 211 212 214 215 
216 217 218 219 221 224 226 227 
231 232 234 236 242 243 244 245 
246 247 252 253 254 255 256 258 
259 260 261 263 264 265 268 270 
271 273 276 278 279 280 281 282 
283 284 286 288 289 290 291 292 
297 302 303 304 305 311 312 314 
316 317 319 )"]
4 [color=blue, label="keyword_predicate-word-(out)"]
4->7
4->6
7 [color=blue, label="keyword_predicate-word-(and)"]
7->8
7->9
6 [color=green, label="1 0: ()
1: (4 20 43 47 58 70 77 81 
84 89 91 95 119 130 142 145 
152 155 159 160 162 163 173 175 
176 180 181 183 185 186 187 190 
192 195 197 201 202 205 220 222 
223 228 229 233 235 239 241 248 
249 250 257 262 267 269 272 275 
277 285 287 293 296 298 299 300 
306 307 308 309 310 313 315 318 
)"]
8 [color=green, label="0 0: (2 5 28 31 86 )
1: ()"]
9 [color=green, label="1 0: ()
1: (148 213 )"] } 