digraph "rule" { 
// presize: 3, after_size: 25, deleted: True factor: 0.5 reverse_cnt:6
1 [label="keyword_predicate-word-(songs,song)"]
1->2
1->4
2 [label="-1 1: (1 3 5 7 8 10 11 12 
14 15 16 17 18 19 20 23 
24 25 26 27 29 30 31 37 
39 40 42 46 47 50 51 53 
54 55 56 60 62 67 68 69 
70 74 75 77 81 82 85 86 
89 92 95 97 98 99 100 102 
104 108 109 117 119 121 122 124 
125 128 130 131 133 135 137 139 
141 143 148 149 150 155 156 157 
158 160 161 164 166 170 171 172 
173 177 179 180 182 183 185 187 
188 190 191 196 197 198 199 201 
203 204 209 213 215 216 218 220 
226 227 228 229 230 234 235 236 
237 239 243 246 247 248 250 251 
253 254 256 257 259 260 262 265 
266 268 272 276 277 279 280 281 
282 284 285 287 290 292 293 294 
295 296 301 304 307 310 318 319 
)
0: (2 9 13 21 32 34 36 38 
41 43 45 49 57 61 63 64 
65 71 72 76 78 79 80 83 
88 90 91 93 94 96 101 105 
107 110 111 112 113 116 123 127 
129 136 144 145 146 151 152 153 
154 162 163 165 167 168 174 181 
186 189 192 193 194 200 202 205 
207 208 210 211 212 214 217 219 
221 222 223 225 233 238 241 242 
244 245 252 255 258 261 267 269 
271 273 278 283 286 288 289 291 
300 302 303 305 306 308 309 312 
313 314 315 )"]
4 [color=blue, label="keyword_predicate-word-(discover)"]
4->7
4->6
7 [color=blue, label="keyword_predicate-word-(awesome)"]
7->10
7->13
6 [color=green, label="1 0: ()
1: (0 )"]
10 [color=blue, label="keyword_predicate-word-(go)"]
10->16
10->12
13 [color=blue, label="keyword_predicate-word-(song)"]
13->14
13->15
16 [color=blue, label="keyword_predicate-word-(check)"]
16->17
16->18
12 [color=green, label="1 0: ()
1: (6 )"]
14 [color=green, label="0 0: (263 )
1: ()"]
15 [color=green, label="1 0: ()
1: (4 )"]
17 [color=green, label="0 0: (33 35 44 48 52 58 59 66 
73 84 87 103 106 114 115 118 
120 126 132 134 138 140 142 147 
159 169 175 176 178 184 195 206 
224 231 232 240 249 264 270 274 
275 297 298 299 311 316 317 )
1: ()"]
18 [color=green, label="1 0: ()
1: (22 28 )"] } 