digraph "rule" { 
// presize: 3, after_size: 3, deleted: False factor: 0.5 reverse_cnt:0
1 [label="keyword_predicate-word-(checking)"]
1->2
1->3
2 [label="-1 1: (0 1 3 4 5 6 7 8 
10 11 12 14 15 16 17 18 
19 20 22 23 24 25 26 27 
28 29 30 31 32 33 34 35 
36 37 38 40 41 42 43 44 
46 47 53 55 56 58 62 63 
66 67 69 70 71 72 76 78 
83 84 85 86 90 91 93 97 
98 101 102 105 108 111 113 114 
115 116 118 120 124 125 133 135 
137 138 140 141 144 146 147 149 
151 153 155 157 159 )
0: (2 9 13 21 39 48 49 50 
51 52 54 57 59 60 61 64 
65 68 73 74 75 77 79 80 
81 82 87 88 89 92 94 95 
96 99 100 103 104 106 107 109 
110 112 117 119 121 122 123 126 
127 128 129 130 131 132 134 136 
139 142 143 145 148 150 152 154 
156 158 )"]
3 [label="1 1: (45 )
0: ()"] } 