digraph "rule" { 
// presize: 3, after_size: 13, deleted: False factor: 0.0 reverse_cnt:3
1 [label="SLengthPredicate-thresh-5"]
1->2
1->4
2 [label="-1 1: (0 1 3 4 6 7 8 10 
12 14 15 21 23 24 26 30 
31 34 35 37 38 39 40 44 
46 51 52 53 54 58 59 61 
65 66 69 70 73 76 79 81 
82 83 84 86 88 92 93 101 
103 105 106 108 109 112 114 115 
117 119 121 123 125 127 132 133 
134 139 140 141 142 144 145 148 
150 154 155 156 157 )
0: (2 9 13 16 17 19 22 25 
28 32 41 42 43 47 48 50 
55 56 60 62 63 67 68 72 
74 75 77 78 87 91 94 96 
97 98 99 100 102 104 107 110 
113 118 120 124 126 130 131 135 
136 137 138 143 147 149 158 159 
)"]
4 [color=blue, label="keyword_predicate-word-(check)"]
4->7
4->6
7 [color=blue, label="keyword_predicate-word-(aslamu)"]
7->8
7->9
6 [color=green, label="1 0: ()
1: (5 )"]
8 [color=green, label="0 0: (18 20 27 29 33 36 45 49 
57 64 71 80 85 89 90 95 
111 116 122 128 129 146 151 152 
153 )
1: ()"]
9 [color=green, label="1 0: ()
1: (11 )"] } 