digraph "rule" { 
// presize: 3, after_size: 3, deleted: False factor: 0.0 reverse_cnt:0
1 [label="keyword_predicate-word-(subscribe)"]
1->2
1->3
2 [label="-1 1: (0 1 4 5 6 7 8 11 
12 14 15 16 17 19 20 22 
23 25 27 28 29 30 31 32 
34 35 36 37 38 40 41 42 
43 44 45 46 47 49 50 53 
54 55 56 57 58 59 60 62 
63 65 66 67 69 71 72 73 
74 75 76 77 78 79 81 84 
85 86 87 89 90 91 92 93 
96 97 99 100 101 102 104 105 
106 107 108 109 110 111 117 119 
120 122 126 127 130 131 134 135 
136 140 155 )
0: (2 9 13 21 39 64 94 98 
112 113 114 115 116 118 121 123 
124 125 128 129 132 137 138 139 
141 143 144 145 146 151 152 153 
156 158 159 )"]
3 [label="1 1: (3 10 18 24 26 33 48 51 
52 61 68 70 80 82 83 88 
95 103 133 142 147 148 149 150 
154 157 )
0: ()"] } 