digraph "rule" { 
// presize: 3, after_size: 3, deleted: False factor: 0.0 reverse_cnt:0
1 [label="keyword_predicate-word-(subscribe)"]
1->2
1->3
2 [label="-1 1: (0 1 4 5 6 7 8 11 
12 14 15 16 17 19 20 22 
23 25 27 28 29 30 31 37 
39 40 42 46 47 50 51 54 
55 56 60 75 82 85 86 89 
92 95 97 98 99 100 102 104 
108 109 117 119 122 124 125 128 
131 133 135 137 139 141 143 148 
149 150 156 157 158 160 161 164 
166 170 171 172 179 180 183 185 
187 190 191 196 197 199 201 204 
209 213 215 216 218 220 226 228 
229 230 234 236 237 239 243 247 
248 250 251 253 254 256 259 260 
262 266 268 272 279 280 281 282 
285 287 292 293 294 301 304 310 
319 )
0: (2 9 13 21 32 33 34 35 
36 38 41 43 44 45 48 49 
52 57 58 59 61 63 64 65 
66 71 72 73 76 78 79 80 
83 84 87 88 90 91 93 94 
96 101 103 105 106 107 110 111 
112 113 114 115 116 118 120 123 
126 127 129 132 134 136 138 140 
142 144 145 146 147 151 152 153 
154 159 162 163 165 167 168 169 
174 175 176 178 181 184 186 189 
192 193 194 195 200 202 205 206 
207 208 210 211 212 214 217 219 
221 222 223 224 225 231 232 233 
238 240 241 242 244 245 249 252 
255 258 261 263 264 267 269 270 
271 273 274 275 278 283 286 288 
289 291 297 298 299 300 302 303 
305 306 308 309 311 312 313 314 
315 316 317 )"]
3 [label="1 1: (3 10 18 24 26 53 62 67 
68 69 70 74 77 81 121 130 
155 173 177 182 188 198 203 227 
235 246 257 265 276 277 284 290 
295 296 307 318 )
0: ()"] } 