strat,runtime,avg_tree_size_increase,num_complaints,confirmation_cnt,global_accuracy,fix_rate,confirm_preserve_rate,new_global_accuracy,prev_signaled_cnt,new_signaled_cnt
information gain,0.002,0.4,1,1,0.921,1.0,1.0,0.091,861,861
naive,0.002,0.4,1,1,0.921,1.0,1.0,0.091,861,861
information gain,0.003,0.4,1,3,0.921,0.0,1.0,0.921,861,861
naive,0.002,0.8,1,3,0.921,1.0,0.0,0.082,861,861
information gain,0.013,1.2,2,6,0.921,0.5,1.0,0.922,861,861
naive,0.004,2.0,2,6,0.921,0.5,1.0,0.922,861,861
information gain,0.021,0.8,2,14,0.921,0.0,1.0,0.921,861,861
naive,0.008,2.8,2,14,0.921,0.0,1.0,0.921,861,861
information gain,0.074,1.6,2,30,0.921,0.0,1.0,0.92,861,861
naive,0.015,4.4,2,30,0.921,0.5,1.0,0.921,861,861
information gain,0.253,2.4,5,59,0.921,0.4,1.0,0.926,861,861
naive,0.03,7.6,5,59,0.921,0.4,1.0,0.925,861,861
information gain,0.875,3.6,10,118,0.921,0.6,1.0,0.931,861,861
naive,0.062,12.0,10,118,0.921,0.6,1.0,0.93,861,861
information gain,4.77,6.0,19,237,0.921,0.737,1.0,0.945,861,861
naive,0.125,16.0,19,237,0.921,0.737,1.0,0.943,861,861
