strat,runtime,avg_tree_size_increase,num_complaints,confirmation_cnt,global_accuracy,fix_rate,confirm_preserve_rate,new_global_accuracy,prev_signaled_cnt,new_signaled_cnt
information gain,0.002,0.0,0,2,0.921,1,1.0,0.921,861,861
naive,0.001,0.0,0,2,0.921,1,1.0,0.921,861,861
information gain,0.003,0.4,1,3,0.921,0.0,1.0,0.921,861,861
naive,0.003,0.4,1,3,0.921,0.0,1.0,0.921,861,861
information gain,0.004,0.4,1,7,0.921,0.0,1.0,0.921,861,861
naive,0.004,0.4,1,7,0.921,0.0,1.0,0.921,861,861
information gain,0.025,0.8,3,13,0.921,0.0,1.0,0.921,861,861
naive,0.008,2.0,3,13,0.921,0.0,1.0,0.921,861,861
information gain,0.047,1.2,1,31,0.921,0.0,1.0,0.923,861,861
naive,0.013,1.6,1,31,0.921,0.0,1.0,0.928,861,861
information gain,0.124,2.0,2,62,0.921,1.0,1.0,0.929,861,861
naive,0.029,4.4,2,62,0.921,0.5,1.0,0.93,861,861
information gain,1.644,4.4,10,118,0.921,0.8,1.0,0.935,861,861
naive,0.075,14.4,10,118,0.921,0.7,1.0,0.933,861,861
information gain,6.842,6.4,20,236,0.921,0.8,1.0,0.95,861,861
naive,0.163,25.6,20,236,0.921,0.85,1.0,0.944,861,861
