strat,runtime,avg_tree_size_increase,num_complaints,confirmation_cnt,global_accuracy,fix_rate,confirm_preserve_rate,new_global_accuracy,prev_signaled_cnt,new_signaled_cnt
information gain,0.024,0.4444444444444444,0,2,0.622,1,1.0,0.58,1940,1940
naive,0.012,0.0,0,2,0.58,1,1.0,0.58,1940,1940
information gain,0.021,0.6666666666666666,1,3,0.58,1.0,0.667,0.382,1940,1940
naive,0.013,0.0,1,3,0.382,0.0,1.0,0.382,1940,1940
information gain,0.088,0.8888888888888888,2,6,0.382,1.0,1.0,0.562,1940,1940
naive,0.028,0.0,0,8,0.562,1,1.0,0.562,1940,1940
information gain,0.237,1.7777777777777777,7,9,0.562,1.0,0.889,0.594,1940,1940
naive,0.074,0.0,1,15,0.594,0.0,1.0,0.594,1940,1940
information gain,0.531,3.5555555555555554,14,18,0.594,1.0,1.0,0.845,1940,1940
naive,0.16,1.3333333333333333,1,31,0.832,1.0,1.0,0.846,1940,1940
information gain,1.31,4.888888888888889,12,52,0.832,1.0,1.0,0.838,1940,1940
naive,0.505,1.3333333333333333,0,64,0.841,1,1.0,0.839,1940,1940
information gain,3.566,10.666666666666666,21,107,0.841,1.0,1.0,0.891,1940,1940
naive,1.175,4.888888888888889,2,126,0.891,1.0,1.0,0.89,1940,1940
information gain,12.495,11.333333333333334,29,227,0.891,1.0,1.0,0.915,1940,1940
naive,3.719,6.222222222222222,3,253,0.912,1.0,1.0,0.915,1940,1940
