digraph "rule" { 
// presize: 3, after_size: 15, deleted: True factor: 0.3 reverse_cnt:2
1 [label="keyword_predicate-word-(check)"]
1->2
1->4
2 [label="-1 1: (0 1 3 4 7 8 10 11 
12 14 15 16 17 19 24 26 
27 30 31 34 36 37 38 40 
41 45 46 47 48 49 50 51 
52 53 56 57 58 60 65 66 
68 75 76 79 80 81 82 83 
84 85 88 89 90 91 93 106 
118 119 126 131 132 133 134 138 
141 149 153 166 173 186 189 194 
197 220 222 230 235 237 244 246 
252 262 291 292 310 314 317 )
0: (2 39 64 96 97 98 99 100 
102 105 107 108 109 112 113 116 
121 122 123 125 127 128 129 130 
135 136 137 140 142 143 144 147 
148 151 152 154 155 157 158 160 
165 167 169 170 171 174 175 176 
177 178 179 180 182 184 187 190 
191 193 196 198 200 202 204 206 
208 209 210 211 215 216 217 218 
223 226 227 229 231 232 233 238 
239 240 242 245 248 250 253 256 
257 258 259 264 266 269 270 271 
272 274 275 276 278 281 283 285 
286 287 288 289 295 296 297 302 
304 305 306 308 309 313 316 319 
)"]
4 [color=blue, label="keyword_predicate-word-(came)"]
4->7
4->6
7 [color=blue, label="keyword_predicate-word-(billion)"]
7->10
7->9
6 [color=blue, label="0 0: (13 94 )
1: ()"]
10 [color=blue, label="keyword_predicate-word-(views)"]
10->11
10->13
9 [color=blue, label="0 0: (9 )
1: ()"]
11 [color=blue, label="1 0: ()
1: (5 6 18 20 22 23 25 28 
29 32 33 35 42 43 44 54 
55 59 61 62 63 67 69 70 
71 72 73 74 77 78 86 87 
92 95 101 103 110 111 114 115 
117 120 124 139 145 146 150 156 
159 161 162 163 164 168 172 181 
183 185 188 192 195 199 201 205 
207 212 213 214 219 221 224 225 
228 234 236 241 243 247 249 251 
254 255 260 261 263 265 267 268 
273 277 279 280 282 284 290 293 
298 299 300 301 303 307 311 312 
315 318 )"]
13 [color=blue, label="keyword_predicate-word-(hey)"]
13->14
13->15
14 [color=green, label="0 0: (21 )
1: ()"]
15 [color=green, label="1 0: ()
1: (104 203 294 )"] } 