digraph "rule" { 
// presize: 3, after_size: 7, deleted: False factor: 0.3 reverse_cnt:0
1 [label="keyword_predicate-word-(check)"]
1->2
1->4
2 [label="-1 1: (0 1 3 4 7 8 10 11 
12 14 15 26 38 39 46 51 
52 53 54 58 61 69 73 86 
93 106 109 114 117 140 142 150 
155 157 )
0: (2 16 17 18 19 20 22 25 
27 28 29 32 33 36 41 42 
43 45 47 48 49 50 55 56 
57 60 62 63 64 67 68 71 
72 74 75 77 78 80 85 87 
89 90 91 94 95 96 97 98 
99 100 102 104 107 110 111 113 
116 118 120 122 124 126 128 129 
130 131 135 136 137 138 143 146 
147 149 151 152 153 158 159 )"]
4 [color=blue, label="keyword_predicate-word-(billion)"]
4->7
4->6
7 [color=blue, label="keyword_predicate-word-(came)"]
7->8
7->9
6 [color=blue, label="0 0: (9 )
1: ()"]
8 [color=blue, label="1 0: ()
1: (5 6 21 23 24 30 31 34 
35 37 40 44 59 65 66 70 
76 79 81 82 83 84 88 92 
101 103 105 108 112 115 119 121 
123 125 127 132 133 134 139 141 
144 145 148 154 156 )"]
9 [color=blue, label="0 0: (13 )
1: ()"] } 