digraph "rule" { 
// presize: 3, after_size: 3, deleted: False factor: 0.5 reverse_cnt:0
1 [label="keyword_predicate-word-(subscribe)"]
1->2
1->3
2 [label="-1 1: (0 1 4 5 6 7 8 11 
12 14 15 16 17 19 20 22 
23 25 27 28 29 30 31 32 
34 35 36 37 38 40 41 42 
43 44 45 46 47 49 50 53 
54 55 56 57 58 59 60 62 
63 65 66 67 69 71 72 73 
74 75 76 77 78 79 81 84 
85 86 87 89 90 91 92 93 
96 97 99 100 101 102 104 105 
106 107 108 109 110 111 112 117 
118 119 120 121 122 123 124 126 
127 128 129 130 131 132 133 134 
136 137 140 143 144 145 146 147 
148 149 152 153 154 155 156 158 
159 165 167 168 170 174 175 178 
179 182 183 184 188 203 210 213 
214 217 220 223 225 226 227 228 
230 232 236 237 245 247 250 252 
253 256 259 261 263 265 267 269 
271 276 277 278 284 285 286 288 
289 292 294 298 299 300 307 308 
311 313 315 318 319 )
0: (2 9 13 21 39 64 94 98 
125 160 161 162 163 164 166 169 
171 172 173 176 177 180 185 186 
187 189 191 192 193 194 199 200 
201 204 206 207 208 211 212 215 
216 218 219 221 222 224 229 231 
233 234 235 238 239 240 241 242 
243 244 246 248 251 254 255 257 
260 262 264 266 268 270 272 273 
274 275 279 280 281 282 287 290 
291 293 295 296 297 302 303 304 
306 309 312 314 317 )"]
3 [label="1 1: (3 10 18 24 26 33 48 51 
52 61 68 70 80 82 83 88 
95 103 113 114 115 116 135 138 
139 141 142 150 151 157 181 190 
195 196 197 198 202 205 209 249 
258 283 301 305 310 316 )
0: ()"] } 