digraph "rule" { 
// presize: 3, after_size: 13, deleted: False factor: 0.0 reverse_cnt:3
1 [label="keyword_predicate-word-(shakira)"]
1->2
1->4
2 [label="-1 1: (0 1 3 4 5 6 7 8 
10 11 12 14 15 16 17 18 
19 20 22 23 24 25 26 27 
28 29 30 31 32 33 34 35 
36 37 38 40 41 42 43 44 
45 46 47 48 49 50 51 52 
53 54 55 56 57 58 59 60 
61 62 63 65 66 67 68 69 
70 71 72 73 74 75 77 78 
79 80 81 82 83 84 85 86 
87 88 89 90 91 92 93 95 
96 97 99 100 101 102 103 104 
105 106 107 108 109 110 111 112 
113 114 115 116 117 118 119 120 
121 122 123 124 126 127 128 129 
130 131 132 133 134 135 136 137 
138 139 140 141 142 143 144 145 
146 147 148 149 150 151 152 153 
154 155 156 157 158 159 160 161 
162 163 164 165 166 167 168 169 
170 171 172 173 174 175 176 177 
178 179 180 181 182 183 184 185 
186 187 189 190 191 192 193 194 
195 196 197 199 200 201 202 203 
204 205 206 207 208 209 211 212 
213 214 215 216 217 218 219 220 
221 222 223 229 231 232 234 238 
239 242 243 245 246 247 248 252 
254 259 260 261 262 266 267 269 
273 274 277 278 281 284 287 289 
290 291 292 294 296 300 301 309 
311 313 314 316 317 )
0: (2 9 13 21 39 64 94 98 
125 188 210 224 225 226 227 228 
230 233 235 236 237 240 241 244 
249 250 251 253 255 257 258 263 
264 265 268 271 275 276 279 280 
282 283 285 286 288 293 297 298 
299 302 303 304 305 306 307 308 
310 312 315 318 319 )"]
4 [color=blue, label="keyword_predicate-word-(top)"]
4->7
4->6
7 [color=blue, label="keyword_predicate-word-(definitley)"]
7->8
7->9
6 [color=green, label="1 0: ()
1: (76 )"]
8 [color=green, label="0 0: (256 270 272 295 )
1: ()"]
9 [color=green, label="1 0: ()
1: (198 )"] } 