digraph "rule" { 
// presize: 3, after_size: 13, deleted: True factor: 0.5 reverse_cnt:0
1 [label="POSPredicate-tag-(PRPVB)"]
1->2
1->4
2 [label="-1 1: (0 3 5 6 11 16 20 23 
24 27 28 30 31 32 34 35 
36 40 42 43 44 45 47 49 
58 59 62 65 66 67 69 71 
74 77 79 80 81 82 83 85 
89 90 93 102 104 105 115 116 
117 118 119 121 122 123 124 128 
130 132 136 137 140 143 146 149 
150 151 152 156 157 158 161 167 
168 169 171 172 175 176 178 182 
183 184 185 186 187 192 198 202 
203 205 206 209 212 216 217 218 
219 220 225 228 233 239 242 243 
244 248 249 252 257 258 260 263 
264 265 266 267 269 272 282 284 
286 295 298 302 303 306 310 311 
312 316 318 )
0: (2 9 13 39 64 94 98 125 
188 210 288 290 292 294 299 300 
301 304 305 308 314 315 317 319 
)"]
4 [color=blue, label="keyword_predicate-word-(survive)"]
4->7
4->6
7 [color=blue, label="keyword_predicate-word-(two)"]
7->10
7->9
6 [color=blue, label="0 0: (289 297 )
1: ()"]
10 [color=blue, label="keyword_predicate-word-(hating)"]
10->13
10->12
9 [color=blue, label="0 0: (291 )
1: ()"]
13 [color=blue, label="keyword_predicate-word-(views)"]
13->14
13->16
12 [color=blue, label="0 0: (313 )
1: ()"]
14 [color=blue, label="1 0: ()
1: (1 4 7 10 12 14 15 17 
18 19 22 25 26 29 33 38 
41 46 48 50 51 52 53 54 
55 56 57 60 61 63 68 70 
72 73 75 76 78 84 86 87 
88 91 92 95 96 97 99 100 
101 103 107 108 109 110 111 112 
113 114 120 126 127 131 133 134 
135 138 139 141 142 144 145 147 
148 153 154 155 159 160 162 163 
164 165 166 170 173 174 177 179 
180 181 189 190 191 193 194 195 
196 197 199 200 201 204 207 208 
211 213 214 215 221 222 223 224 
226 227 229 230 231 232 234 235 
236 237 238 240 241 245 246 247 
250 251 253 254 255 256 259 261 
262 268 270 271 273 274 275 276 
277 278 279 280 281 283 285 287 
293 307 309 )"]
16 [color=blue, label="keyword_predicate-word-(much)"]
16->17
16->18
17 [color=blue, label="1 0: ()
1: (8 37 106 129 296 )"]
18 [color=blue, label="0 0: (21 )
1: ()"] } 