digraph "rule" { 
// presize: 3, after_size: 23, deleted: True factor: 0.3 reverse_cnt:3
1 [label="keyword_predicate-word-(love)"]
1->2
1->4
2 [label="-1 1: (0 1 3 5 6 7 8 10 
11 12 14 15 16 17 19 20 
22 23 24 26 27 28 30 31 
32 33 34 35 36 37 38 40 
41 42 43 44 45 46 47 48 
49 50 51 52 53 54 55 56 
57 58 59 60 61 62 65 66 
68 71 72 73 74 75 76 77 
78 79 80 82 84 85 86 87 
88 89 90 91 92 93 96 97 
100 101 102 103 104 105 106 108 
109 110 112 113 115 116 117 118 
119 120 121 122 123 124 126 127 
128 129 130 131 132 134 136 137 
138 140 141 142 143 144 145 146 
148 149 150 151 152 153 156 157 
158 159 160 161 163 164 165 167 
169 170 171 172 173 174 175 176 
177 178 179 180 181 182 183 184 
185 186 187 189 190 191 192 193 
194 195 196 197 198 199 200 201 
202 203 204 205 206 207 208 209 
211 212 213 214 215 216 217 218 
219 220 221 222 223 224 225 226 
228 229 230 231 232 233 234 236 
238 239 241 242 243 245 246 248 
249 250 251 252 253 254 256 257 
258 259 261 262 263 264 265 266 
267 268 269 270 271 272 273 275 
276 277 278 279 280 281 282 283 
284 286 287 293 295 296 298 302 
303 306 307 309 310 311 312 316 
318 )
0: (2 9 13 21 39 64 94 98 
125 188 210 290 292 294 297 299 
300 301 304 305 308 313 315 )"]
4 [color=blue, label="keyword_predicate-word-(check)"]
4->7
4->6
7 [color=blue, label="keyword_predicate-word-(thumbs)"]
7->10
7->9
6 [color=green, label="1 0: ()
1: (18 25 29 63 67 69 70 95 
107 111 114 139 147 166 227 235 
240 247 255 260 285 )"]
10 [color=blue, label="keyword_predicate-word-(subscribe)"]
10->13
10->12
9 [color=green, label="1 0: ()
1: (4 162 237 274 )"]
13 [color=blue, label="keyword_predicate-word-(song)"]
13->16
13->15
12 [color=green, label="1 0: ()
1: (83 135 168 244 )"]
16 [color=blue, label="keyword_predicate-word-(wanderfol)"]
16->19
16->18
15 [color=blue, label="0 0: (289 291 314 )
1: ()"]
19 [color=blue, label="keyword_predicate-word-(wow)"]
19->22
19->21
18 [color=blue, label="0 0: (288 )
1: ()"]
22 [color=blue, label="keyword_predicate-word-(katy)"]
22->23
22->24
21 [color=blue, label="0 0: (317 )
1: ()"]
23 [color=blue, label="1 0: ()
1: (81 99 133 154 155 )"]
24 [color=blue, label="0 0: (319 )
1: ()"] } 