digraph "rule" { 
// presize: 3, after_size: 3, deleted: False factor: 0.3 reverse_cnt:0
1 [label="keyword_predicate-word-(subscribe)"]
1->2
1->3
2 [label="-1 1: (0 1 4 5 6 7 8 11 
12 14 15 16 17 19 20 22 
23 25 27 28 29 30 31 32 
34 35 36 37 38 40 41 42 
43 44 45 46 47 49 50 53 
54 55 56 57 58 59 60 62 
63 65 66 67 69 71 72 73 
74 75 76 77 78 79 85 87 
88 90 94 95 98 99 102 103 
104 108 123 130 133 134 137 140 
143 145 146 147 148 150 152 156 
157 )
0: (2 9 13 21 39 64 80 81 
82 83 84 86 89 91 92 93 
96 97 100 105 106 107 109 111 
112 113 114 119 120 121 124 126 
127 128 131 132 135 136 138 139 
141 142 144 149 151 153 154 155 
158 159 )"]
3 [label="1 1: (3 10 18 24 26 33 48 51 
52 61 68 70 101 110 115 116 
117 118 122 125 129 )
0: ()"] } 