digraph "rule" { 
// presize: 3, after_size: 15, deleted: True factor: 0.5 reverse_cnt:2
1 [label="keyword_predicate-word-(check)"]
1->2
1->4
2 [label="-1 1: (0 1 3 4 7 8 10 11 
12 14 15 16 17 19 24 26 
27 30 31 34 36 37 38 40 
41 45 46 47 48 49 50 51 
52 53 56 57 58 60 65 66 
68 75 76 79 80 81 82 83 
84 85 88 89 90 91 93 99 
100 101 103 105 106 108 109 112 
113 115 116 119 120 121 122 123 
124 126 127 129 131 132 133 134 
135 137 138 141 142 143 144 148 
150 151 152 153 154 155 157 158 
159 170 182 183 190 195 196 197 
198 202 205 213 217 230 237 250 
253 258 261 284 286 294 299 301 
308 310 316 )
0: (2 39 64 125 160 161 162 163 
164 166 169 171 172 173 176 177 
180 185 186 187 189 191 192 193 
194 199 200 201 204 206 207 208 
211 212 215 216 218 219 221 222 
224 229 231 233 234 235 238 239 
240 241 242 243 244 246 248 251 
254 255 257 260 262 264 266 268 
270 272 273 274 275 279 280 281 
282 287 290 291 293 295 296 297 
302 303 304 306 309 312 314 317 
)"]
4 [color=blue, label="keyword_predicate-word-(came)"]
4->7
4->6
7 [color=blue, label="keyword_predicate-word-(billion)"]
7->10
7->9
6 [color=blue, label="0 0: (13 94 )
1: ()"]
10 [color=blue, label="keyword_predicate-word-(views)"]
10->11
10->13
9 [color=blue, label="0 0: (9 )
1: ()"]
11 [color=blue, label="1 0: ()
1: (5 6 18 20 22 23 25 28 
29 32 33 35 42 43 44 54 
55 59 61 62 63 67 69 70 
71 72 73 74 77 78 86 87 
92 95 96 97 102 104 107 110 
111 114 117 118 128 130 136 139 
140 145 146 147 149 156 165 167 
174 175 178 179 181 184 188 203 
209 210 214 220 223 225 226 227 
228 232 236 245 247 249 252 256 
259 263 265 269 271 276 277 278 
283 285 288 289 292 298 300 305 
307 311 313 315 318 319 )"]
13 [color=blue, label="keyword_predicate-word-(soon)"]
13->14
13->15
14 [color=green, label="0 0: (21 98 )
1: ()"]
15 [color=green, label="1 0: ()
1: (168 267 )"] } 