digraph "rule" { 
// presize: 3, after_size: 5, deleted: False factor: 0.5 reverse_cnt:0
1 [label="RegexPredicate-tag-(http)"]
1->2
1->4
2 [label="-1 1: (3 4 5 6 7 8 10 11 
12 14 15 16 18 19 20 22 
23 24 25 26 27 28 29 31 
32 33 34 35 36 37 38 40 
41 42 43 44 45 46 48 50 
51 52 53 54 55 57 59 61 
62 63 65 67 68 69 70 71 
72 74 75 76 77 78 80 81 
82 83 84 86 87 88 89 90 
91 92 93 95 96 97 99 102 
103 104 105 106 107 109 110 112 
113 114 115 116 117 118 119 120 
121 123 124 126 127 128 129 130 
131 132 134 135 136 138 139 140 
141 142 143 145 146 147 148 149 
150 151 152 153 154 155 156 157 
165 167 168 174 175 178 179 181 
184 188 190 195 196 197 198 202 
203 205 209 210 214 220 223 225 
226 227 228 236 245 247 249 252 
256 258 259 263 265 267 269 271 
276 277 278 283 285 289 292 298 
300 301 305 307 310 311 313 315 
316 319 )
0: (9 13 21 94 98 160 161 162 
163 164 166 169 171 172 173 176 
177 180 185 186 187 189 191 192 
193 194 199 200 201 204 206 207 
208 211 212 215 216 218 219 221 
222 224 229 231 233 234 235 238 
239 240 241 242 243 244 246 248 
251 254 255 257 260 262 264 266 
268 270 272 273 274 275 279 280 
281 282 287 290 291 293 295 296 
297 302 303 304 306 309 312 314 
317 )"]
4 [color=blue, label="keyword_predicate-word-(youtu)"]
4->5
4->6
5 [color=blue, label="1 0: ()
1: (0 1 17 30 47 49 56 58 
60 66 73 79 85 100 101 108 
111 122 133 137 144 158 159 170 
182 183 213 217 230 232 237 250 
253 261 284 286 288 294 299 308 
318 )"]
6 [color=blue, label="0 0: (2 39 64 125 )
1: ()"] } 