digraph "rule" { 
// presize: 3, after_size: 3, deleted: False factor: 0.3 reverse_cnt:0
1 [label="keyword_predicate-word-(subscribe)"]
1->2
1->3
2 [label="-1 1: (0 1 4 5 6 7 8 11 
12 14 15 16 17 19 20 22 
23 25 27 28 29 30 31 32 
34 35 36 37 38 40 41 42 
43 44 45 46 47 49 50 53 
54 55 56 57 58 59 60 62 
63 65 66 67 69 71 72 73 
74 75 76 77 78 79 81 84 
85 86 87 89 90 91 92 93 
101 103 104 106 110 111 114 115 
118 119 120 124 139 146 149 150 
153 156 159 161 162 163 164 166 
168 172 173 181 183 186 188 189 
192 195 197 199 201 203 205 207 
212 213 214 220 221 222 224 225 
228 230 234 235 236 243 244 247 
249 251 254 255 260 261 263 265 
268 273 277 279 280 282 284 290 
292 293 294 298 300 301 303 307 
311 312 314 315 317 318 )
0: (2 9 13 21 39 64 94 96 
97 98 99 100 102 105 107 108 
109 112 113 116 121 122 123 125 
127 128 129 130 135 136 137 140 
142 143 144 147 148 151 152 154 
155 157 158 160 165 167 169 170 
171 174 175 176 177 178 179 180 
182 184 187 190 191 193 196 198 
200 202 204 206 208 209 210 211 
215 216 217 218 223 226 227 229 
231 232 233 238 239 240 242 245 
248 250 253 256 257 258 259 264 
266 269 270 271 272 274 275 276 
278 281 283 285 286 287 288 289 
295 296 297 302 304 305 306 308 
309 313 316 319 )"]
3 [label="1 1: (3 10 18 24 26 33 48 51 
52 61 68 70 80 82 83 88 
95 117 126 131 132 133 134 138 
141 145 185 194 219 237 241 246 
252 262 267 291 299 310 )
0: ()"] } 