digraph "rule" { 
// presize: 3, after_size: 3, deleted: False factor: 0.7 reverse_cnt:0
1 [label="keyword_predicate-word-(subscribe)"]
1->2
1->3
2 [label="-1 1: (0 1 4 5 6 7 8 11 
12 14 15 16 17 19 20 22 
23 25 27 28 29 30 31 32 
34 35 36 37 38 40 41 42 
43 44 45 46 47 49 50 53 
54 55 56 57 58 59 60 62 
63 65 66 67 69 71 72 73 
74 75 76 77 78 79 81 84 
85 86 87 89 90 91 92 93 
96 97 99 100 101 102 104 105 
106 107 108 109 110 111 112 117 
118 119 120 121 122 123 124 126 
127 128 129 130 131 132 133 134 
136 137 140 143 144 145 146 147 
148 149 152 153 154 155 156 158 
159 160 161 162 164 165 166 167 
169 170 172 173 174 175 176 177 
178 180 181 182 183 184 185 186 
187 189 190 191 193 194 195 197 
198 199 200 201 203 204 207 208 
209 211 212 213 214 215 216 217 
218 220 221 222 223 225 226 227 
228 230 233 237 238 239 240 241 
242 243 245 246 250 251 252 255 
256 257 258 259 260 261 262 264 
266 267 269 270 271 272 273 274 
276 278 279 280 281 282 283 284 
287 293 295 296 298 302 303 306 
307 310 311 312 316 )
0: (2 9 13 21 39 64 94 98 
125 188 210 288 289 290 291 292 
294 297 299 300 301 304 305 308 
313 314 315 317 319 )"]
3 [label="1 1: (3 10 18 24 26 33 48 51 
52 61 68 70 80 82 83 88 
95 103 113 114 115 116 135 138 
139 141 142 150 151 157 163 168 
171 179 192 196 202 205 206 219 
224 229 231 232 234 235 236 244 
247 248 249 253 254 263 265 268 
275 277 285 286 309 318 )
0: ()"] } 